	3.7625347239944595E-5	0.4198073759577404	0.5026957427420686	0.06758181237098701	8.276791951664524E-4	0.0050638540540540915	0.0031829643571454156	7.27679423628308E-4	2.6860544463044355E-5	4.840600750681598E-5
	1.0	0.0	0.0	0.0	0.0	0.0	0.0	0.0	0.0	0.0
	0.0	1.0	0.0	0.0	0.0	0.0	0.0	0.0	0.0	0.0
	0.0	0.0	1.0	0.0	0.0	0.0	0.0	0.0	0.0	0.0
	0.0	0.0	0.0	1.0	0.0	0.0	0.0	0.0	0.0	0.0
	0.0	0.0	0.0	0.0	1.0	0.0	0.0	0.0	0.0	0.0
	0.0	0.0	0.0	0.0	0.0	1.0	0.0	0.0	0.0	0.0
	0.0	0.0	0.0	0.0	0.0	0.0	1.0	0.0	0.0	0.0
	0.0	0.0	0.0	0.0	0.0	0.0	0.0	1.0	0.0	0.0
	0.0	0.0	0.0	0.0	0.0	0.0	0.0	0.0	1.0	0.0
	0.0	0.0	0.0	0.0	0.0	0.0	0.0	0.0	0.0	1.0
	0.0034594383955138808	0.6386165710828658	0.10443990829948994	0.01908857404974611	0.06310215436308686	0.10608771960142485	0.015804098895335995	0.040947694394490204	0.005683240044237267	0.002770600873809161
	1.3549595960782312E-6	0.6117566195970354	0.3789227463398276	0.0042597719052250415	0.0013257502167406284	7.030280844567972E-4	0.00300054508892712	2.6859500058691637E-5	2.9458321126015618E-6	3.784760200561785E-7
	9.99601036777653E-4	0.10889016821599085	0.7906337007587109	0.05814912246900925	0.03787930306436719	7.067526399773887E-4	0.0013784239994355577	0.0010746561318222192	1.3053543328088918E-4	1.5773625062814363E-4
	2.960751079049695E-4	0.2982890835008447	0.022316760761014146	0.10902042680329188	0.18617915631189072	0.3192357466126499	0.01893178477514231	0.01995083925753554	0.02565994498908027	1.2018188064554297E-4
	1.6025149416898365E-5	0.9264201109019027	0.053379977344978013	0.010517671461344151	0.003885071705390832	0.005408896135819669	1.7821706521006168E-4	3.242249987234952E-5	1.345928716382916E-4	2.701486442701832E-5
	0.0010571144479339933	0.4877245213018786	0.07495023906148034	0.30738009174744135	0.005470031355149537	0.029938651253881725	0.007061251605126498	0.04835529311868135	0.03641496614646867	0.0016478399619578878
	0.010519145840999555	0.07639363755913986	0.053160188101445995	0.4867585507212347	0.23914826112378668	0.09049367003301426	0.026856807546212207	8.253061781446913E-4	0.012956331470079047	0.0028881014259430015
	5.772281996248019E-4	0.6587352342698535	0.05394087241010293	0.008972030798366748	0.06833183775756906	0.046301736048046015	0.12998259617939453	0.028940784336778574	0.0026477682612796004	0.0015699117389843496
	3.033769873095338E-7	0.07835282766519502	0.8824254917812203	0.009678238921594693	0.014000759297389233	0.004656933472796231	0.004690324132435653	0.0060251127929502974	1.6659580396432959E-4	3.412755467039161E-6
	1.8244403106493223E-5	0.26272587574338757	0.1877634096123356	0.46557368751116346	0.0706773489278448	0.012496424248666798	2.6763326241413933E-4	4.297469471402514E-4	1.445147451849795E-5	3.317786942224984E-5
	6.538783418164051E-6	0.8966089202826238	0.007409256110757273	0.08305926023157315	0.006025515306294076	0.00475769010440011	0.0011842089456140807	8.825268898259788E-4	6.4962138535249E-5	1.1212069582063834E-6
	3.8657895525828767E-4	0.32923197734015164	0.3554919021798314	0.09767676215399204	0.07193370260208957	0.07219794436161872	0.0029440273818006194	0.05597921778078558	0.014031304951392452	1.2658229307958475E-4
	6.154302963967684E-5	0.8695551536843589	0.12449062588474195	0.00295962418330506	1.7571815950907227E-4	2.623572942912622E-4	0.002000301110946154	7.292090795326074E-5	2.4100669448341619E-4	1.8074905077114113E-4
	8.610919157141517E-4	0.7817089395232242	0.15288830654044425	0.043234890909468734	0.0043832851960624915	0.013227153380351582	0.0018738928612961137	5.278925527719423E-4	1.2713990681110647E-4	0.001167407213855285
	1.423297221044839E-4	0.7688633811753809	0.06065524001221855	0.1418642974935055	0.015154410510220265	0.006119761240413825	0.0035918490148313643	0.0034407140079549025	1.1019541228199127E-5	1.5699728214215006E-4
	1.0326700488871854E-4	0.24463653577523536	0.48768586188049956	0.023067574148215763	0.01651649075425981	0.011017407885440731	0.1581940539672621	0.04670784020176377	0.004569510073814536	0.007501458308619592
	3.8560784988317387E-4	0.8827430336850466	0.034510863627386	0.0624553929494952	0.007513501488374137	0.00531956495827079	0.004975410214073147	8.518129794531141E-4	0.0011126648698954686	1.3214737812240925E-4
	0.007972224341715406	0.8865547547485658	0.07663106562751561	0.0023414576321628563	0.007466415096117786	0.00393270958539701	0.006831333250696938	0.003372312445737235	0.004429476228132266	4.68251043958969E-4
	9.770756193561159E-4	0.4073813852042455	0.3270507682235725	0.204038108554241	0.020679861728203727	0.01656471125089643	0.0018819248869128041	0.01936061542576142	0.001873881631274433	1.9166747553614187E-4
	6.13879044111254E-5	0.8669204199801332	0.059608766845604386	0.06382049233437548	9.38447066795069E-4	0.007015317649563672	6.308298640345718E-4	8.890587584215068E-4	6.347906129790948E-5	5.180053536317241E-5
	0.046779389627835344	0.15882358387959994	0.41404286409606517	0.0067766782657343785	0.086815744226305	0.08343022832118772	0.07221835407733922	0.11819790256368319	0.011383693694400572	0.0015315612478493826
	1.5597972880310174E-5	0.3517882193933848	0.5005572284131702	0.06678805548990228	0.004157274267146224	0.02863569558403676	0.0457062837903745	0.0022928515651974655	5.525612813864633E-5	3.537395768914674E-6
	2.688603737255324E-5	0.4934540963777736	0.4666658114218807	0.021146425808502484	0.005779148711766087	0.009900569922278281	0.001957728397678613	4.462607918744041E-4	6.014980007252869E-4	2.1574530148050785E-5
	0.0011270197008407257	0.15165578124649337	0.8049514106799773	0.03354711131966457	0.002218549283351918	0.0010343974261097831	0.0016736096892609655	0.0022324238021450443	6.588484960416742E-4	9.008483561144773E-4
	3.898695197568358E-6	0.4866068680487069	0.2666158460985645	0.12309488299855853	0.12155696703093	0.0011495129095399786	4.689327749837123E-4	2.2224894881282448E-4	2.609574420239551E-4	1.9885052682002075E-5
	1.518363844950077E-4	0.5848813623133232	0.09489082866328334	0.21202153627729814	0.04489106809076901	0.05080559220319804	0.005655308182510191	4.048649576453065E-4	0.002046406263811487	0.0042511966636662665
	8.183911749543027E-4	0.581479127197775	0.18589694966005563	0.15713582709536877	0.03169909116053836	0.008852598524955398	0.0033364701376484354	0.0029236654983510776	0.024688349526314123	0.0031695300240388333
	1.0222676687010601E-4	0.6555135079778048	0.22350158144210802	0.030558196295148166	0.0785198322393888	0.00828026400581158	0.0011364266071874597	0.0021356739239521165	1.3191541651029435E-4	1.2037532521856857E-4
	7.311513691948823E-4	0.6283975055042248	0.16436172411314148	0.12618878432687836	0.06829458908484833	0.0036029172790156528	0.006058740844365033	9.966363281159528E-4	3.1272655145504893E-4	0.0010552245987605247
	2.2985012631204782E-5	0.48192624062059575	0.12146100804521065	0.3602583784397522	0.03495222692172762	3.446067095660781E-4	8.845922646182457E-5	8.90905576204618E-4	1.1056313088866941E-5	4.413313476111339E-5
	1.8131160833856352E-4	0.10965730720598366	0.20561293322769655	0.27929571992309565	0.21110983597174066	0.006834900983038166	0.1672641181464831	0.018210241285214705	0.0010940464069059757	7.39585241502759E-4
	1.939595077216083E-6	0.7522098280167833	0.2409194374855867	0.006182491282746033	5.005062617406441E-4	1.3534562219749327E-4	4.0947146080663204E-5	6.116672105197175E-6	1.3556595969279504E-6	2.032258085728972E-6
	1.5544167767711503E-4	0.3378197284215372	0.24135916905718624	0.10029020679479075	0.2921803797312835	0.024827366602095148	0.0023402198905797507	5.660382724601673E-4	3.0360327425548504E-5	4.31089224964629E-4
	1.1280038407668336E-5	0.8968381790499144	0.030464573185010422	0.07005473685694524	0.002357582924874467	5.14557830494154E-5	1.768293637611895E-5	3.7060095438881765E-6	1.9352057739268957E-4	7.2826384857924155E-6
	0.0033827705457316615	0.053829364105806854	0.3224744140578121	0.2289383569542441	0.2500960318049458	0.009967598448610431	0.07439504419942539	0.04203141345703194	0.007586387967870619	0.007298618458521246
	0.01362502197530735	0.44484785914911007	0.05283175600594442	0.2279205566591132	0.22913246845033539	0.00945362288240719	0.008020570504266541	0.011418824642994338	0.002471583873636752	2.777358568847673E-4
	7.922421940322888E-4	0.49204992692702587	0.13367056693590978	0.05710154009756995	0.15948644878220397	0.02683337963201382	0.030949085245602734	0.08485705976613685	0.009978700647597432	0.004281049771907283
	2.422371356159969E-4	0.4058822110460856	0.3760973767984591	0.08051830944563655	0.07870329951451183	0.007444839048098543	0.04941060640420517	7.085335459365033E-4	8.044628515357181E-4	1.8812420991504706E-4
	0.012198598841446917	0.05688030366076158	0.0777034991915075	0.05350289894729768	0.36785536617530407	0.31635167155444555	0.03304460963060026	0.049846527713593484	0.025047957512826815	0.007568566772216132
	5.307181668795513E-4	0.4393567197520749	0.33520783290021555	0.2018794653699643	0.020917013895028445	1.147190758835375E-5	9.087425773556411E-4	4.13495623448898E-4	5.884292098769697E-4	1.8611059756741435E-4
	0.0012422396944457015	0.03270116776615317	0.8553133411057422	0.03233136770461921	0.037938501068075364	0.025916732015637944	0.008096231658185349	0.004981617391242677	0.0013582726536801204	1.2052894221815174E-4
	2.3372160516066387E-5	0.42919904807258924	0.5650347382722487	0.003985271019890889	5.213351927992021E-4	8.45215858485075E-4	2.097610011963898E-5	2.0900462815843306E-4	1.0692384556313006E-4	5.411484962970941E-5
	6.813905069957826E-6	0.5663350612453599	0.06209244856565556	0.14884510852570013	0.08545837636914326	0.11470664761015419	0.008896726870031155	0.013163932053320436	4.809383210975255E-4	1.3946534468006909E-5
	7.346798424845424E-6	0.9767400292041609	0.00801998157898336	0.0065794238467447455	0.008130857533470148	3.0567189706478696E-5	2.7226027079611716E-4	1.6846876696903788E-4	3.611080280570847E-5	1.495400793858718E-5
	1.52656562438791E-4	0.6879243334358639	0.1807779316370191	0.03579506091775602	5.819692719105765E-4	0.0885014406508224	0.00227552797103209	0.003519627006998197	9.982181632464001E-5	3.716307298343053E-4
	3.5160402799938595E-5	0.30713916388071394	0.6904930253202528	0.0016416703632253329	4.007859845246265E-4	2.5688111610891094E-5	1.3584845844266064E-4	9.378698666588518E-5	1.1504452388679274E-5	2.3366039375199125E-5
	1.4916629086481059E-5	0.6192137010045511	0.2537993897130686	0.0420869200651648	0.059840094163679546	0.0027123957367636915	7.360631936936189E-5	0.02150198736207959	4.788158916894636E-4	2.7817311454738606E-4
	2.7025162693294913E-4	0.41110220082864235	0.5076731495128806	0.01856372447736049	0.006657851357919896	2.8157272833959654E-4	0.040439831004145436	0.014867887463546019	6.82933851765365E-5	7.523761505610498E-5
	6.720487440614598E-4	0.6328607907717377	0.3119203422594166	0.01931577150602159	0.025825635650445405	0.003920846533329392	0.001676435590953594	0.002350452550393371	0.0013244253119961758	1.3325108164475162E-4
	0.004657730782449909	0.621596899167195	0.17591519450029006	0.16695989673416098	0.013924846547375372	5.824687435835571E-4	0.010108879636068458	0.002359695055520248	0.0011326211702923086	0.0027617676630641705
	5.8547559891208856E-5	0.4259104124478199	0.41694755172871373	0.011031042722422241	0.12620298806030134	0.004509138594496507	0.013676441692564404	0.0013617388234455935	2.724338706231455E-4	2.9704499721828932E-5
	3.855783471728991E-6	0.6659299252056603	0.08855317170360205	0.24190501462456218	0.0033769452408761533	1.8350810044824226E-4	1.603412815098622E-5	1.941134154879834E-5	4.18048793734677E-6	7.953383742113145E-6
	0.003345646663871271	0.3364022187634038	0.26433561053994664	0.08725577099199767	0.1661000921583245	0.12294558567080671	0.012824621792961606	0.0025591085502855633	0.004092239229311443	1.3910563909085174E-4
	1.6232691848472314E-6	0.9011687830222106	0.056563050640318725	0.024818429075819652	0.006567779147850004	0.008175602604193116	0.002612652818464684	2.212838999872996E-5	6.983190637784786E-5	1.1912558168758162E-7
	3.680135950956398E-5	0.8238051167546772	0.11272297134716355	0.04868974136742786	0.006849822034550299	0.004046225392092212	0.0017527541425618398	0.0012042560154556918	6.701435632906676E-4	2.2216802327117347E-4
	7.894345066106201E-5	0.5028629200837273	0.23369495200419818	0.2147254759276262	0.02094736688841464	0.004989987631128918	0.017308119908005053	0.0034049512767246348	2.8202657877899565E-4	0.0017052562507348695
	4.157277103788992E-6	0.8392828402092627	0.1099233878627638	0.04847284882087483	0.001235915473999958	0.0010323964525831072	2.0085505358511103E-5	2.54495813258706E-5	2.632636796699864E-6	2.8617993076088795E-7
	1.871389668302026E-4	0.8538436020904491	0.13423772303754694	0.0023082898677293435	0.0073904189099637104	0.0018083315585799068	1.0176931707413684E-4	5.509372856443168E-5	2.022172673124399E-5	4.7410796530893694E-5
	4.1584383407289316E-5	0.9965128349480429	7.12041198659322E-4	0.002055577062676334	1.7015581649368705E-4	4.5710664533200993E-4	4.067985477972314E-5	1.2581545775672295E-6	1.9533973700066448E-6	6.808538661223015E-6
	3.2921351605930127E-6	0.9951967657945826	8.039665599175715E-5	0.002063144451344851	0.0015468619996503764	1.5786165439875087E-4	8.928845989994827E-5	8.313418249092095E-4	1.2777687557509374E-5	1.8269336504395625E-5
	2.1919667201886206E-5	0.6118502098004803	0.12303868880763186	0.08499971210584104	0.16726133124886855	0.010920696604112162	0.0016051379317554555	1.029274620472427E-4	4.4679602292812246E-5	1.5469676976874558E-4
	2.1820339530109756E-4	0.43206407007551095	0.4838326270815471	0.03392222818980897	0.017084419375923664	0.02519655427512498	0.0010762132205397988	0.0034115715522152913	5.0679519471207E-4	0.0026873176393160917
	0.001031581913450652	0.5861199150757909	0.10107821068491026	0.18537879196235235	0.022547749483016143	0.07684699278127917	0.013296657053766167	0.011864764432573125	0.001691484458328726	1.43852154532451E-4
	0.015996426180185597	0.7126178012402912	0.09318018977278068	0.07282282801459915	0.048289290990853835	0.005241137432509834	0.010366388880249232	0.003220378761336127	0.029819604743421737	0.008445953983772703
	6.854444441162233E-5	0.9494309304900973	0.007430503543363793	0.011840509550923932	0.013406055026135899	0.015704184361068897	7.110605102988527E-4	7.197995714976777E-4	6.699316377120035E-4	1.8480864489893593E-5
	0.015516350638807297	0.35238313665847965	0.18910569370489164	0.2650535053471203	0.0020433314082368174	0.02998274206022895	0.022209242818074994	0.10370040862800793	0.0010842989885900144	0.01892128974756249
	4.0652575752175846E-4	0.46345295123258357	0.43777043476788663	0.059976886647164336	0.0013891927767728633	0.03229777007166495	0.00289107326436859	8.441573829256195E-4	6.400528465614506E-5	9.070028144556522E-4
	8.610891054083858E-6	0.8941784414979042	0.0643151983715858	0.029543464118641692	8.173203426974531E-4	0.00733251982084319	0.0011603172553931234	0.0026216410834131207	1.4634720141122344E-5	7.85189832632207E-6
	0.008165427745488896	0.57902761778845	0.23038359719967058	0.074950613792231	0.0447987496770591	0.026895456747548337	0.014945093513509746	0.004371547762353653	0.013007252607355786	0.0034546431663328788
	6.924525337973497E-4	0.16557072967404451	0.4175681146369728	0.3325480679283528	0.018337658670785795	0.058226322246725075	0.004823982828214248	0.0016368092619501535	4.884666101480341E-4	1.0739560900928541E-4
	1.4257346620305533E-5	0.9653705084453422	9.211839586895706E-4	0.02822293657395312	0.0031870590092250945	0.001385612956597613	8.342594627665834E-4	3.268841144353586E-5	3.081562278860741E-5	6.782125733396174E-7
	1.02454244799155E-6	0.31327843518328957	0.6807101113639784	0.005666182762517725	3.0909692474988807E-4	1.8458140529445284E-5	5.755129191433246E-6	7.505919327337356E-6	1.5341192513901704E-6	1.895914716831593E-6
	8.320625797605397E-4	0.7731540616052286	0.050771383596529884	0.048470406653154	0.09240873075796821	0.030157614791600503	9.423951394334404E-4	0.0026346919505864912	5.434038458504608E-4	8.524907988791786E-5
	2.6101367053255053E-4	0.6029091965037106	0.3559182089545962	0.013735165622121029	0.013614624316460544	0.0014048724536010904	0.005170442401899551	0.0018434720053622075	0.004590883890349641	5.521201813664718E-4
	3.7005337766293778E-6	0.35826349824050063	0.4499182148688922	0.03471426396707375	0.05808007522245169	0.07938535290494343	0.017430780297344003	0.0019512379519229333	2.3411375509972072E-4	1.8762257994778174E-5
	1.8819179945628317E-4	0.6214259368211685	0.21509548249160956	0.10539222684536663	0.0027148423322338197	0.022792134396690148	0.001415192672534552	0.027082606360550047	0.0036982530679552225	1.9513321243518875E-4
	5.535113256627255E-9	0.7949360725710399	0.17341536647080988	0.022078241228297706	0.008533872860506293	9.766261012091459E-4	2.2817939715028562E-5	3.634086333779652E-5	5.637315820950822E-7	9.269838878037257E-8
	2.140604311728911E-5	0.7105490027913085	0.01495501085608015	0.2449862391059983	0.00724528854871245	0.02207293360586031	9.140415078263175E-5	1.0515456287909352E-5	5.9860072379549104E-5	8.33936947291405E-6
	0.0015462606486403851	0.6433953674644333	0.018084821098752077	0.19069478524370082	0.04221822595162778	0.012081391858273782	0.0426732992652923	0.03494513939135432	0.008791798180132244	0.00556891089779299
	3.934627896906573E-5	0.696810038443615	0.08629044295221523	0.21446602486006566	3.175416194200706E-5	3.1035780358844376E-4	2.1886029093218655E-4	0.001484518016244467	1.6110998687305029E-4	1.875472055549316E-4
	2.3155531403418195E-7	0.9331749758418048	0.06196494766562561	0.0021984964804029	4.2496294354487177E-4	0.00169872968043535	1.292415877452022E-4	3.3695752965232675E-4	6.97894907268076E-5	1.6672247480200655E-6
	2.33117810754635E-4	0.22617877923813645	0.35167501153771397	0.34411242270902476	0.005197658160018329	0.01457922402651069	0.05506653483530745	0.0024964995137603044	3.332281041283651E-4	1.275240646449698E-4
	0.0020272202886932877	0.5824085699714768	0.035667056913785695	0.020170674639468825	0.27353018944713636	0.02704743892802002	0.020555306172088155	3.190942221895932E-4	0.03526818891950128	0.0030062604976400327
	9.252191780495522E-6	0.9192236599900979	0.044140147392833	0.021777731885101775	0.013028296743563329	9.754707882138663E-4	7.7056225117665E-4	2.668590991618615E-6	7.078567170696184E-5	1.4244945343060662E-6
	0.0028190361144486697	0.7268921849557582	0.18486257845955625	0.028844408959488654	0.004276633193693997	0.012270472138289497	0.021632587843657788	0.01454447649320318	0.0011342599127337997	0.0027233619291700253
	1.3557807035935454E-6	0.7508966234749059	0.12039003071838468	0.10792722418887249	0.007589190305904529	0.012945855289255619	2.145070556379784E-4	4.6175439289302035E-6	1.1054563244446171E-5	1.9541079161853943E-5
	3.087618461572461E-6	0.9902688636093742	0.007278265234543093	8.955566863696216E-4	5.925350837844759E-4	2.3415851805629018E-4	5.379264025191146E-4	1.499146814133913E-4	3.716892887025617E-5	2.5232366080034424E-6
	0.002688023473383039	0.3446343173548775	0.2541953110512821	0.345893319457539	0.008148543648942507	0.010609636116693985	0.011555085227130949	0.004080212087890935	0.011680654577685726	0.006514897004574313
	8.812970024951738E-5	0.22594245984079964	0.7497789213211106	0.015610926327990226	0.001875271577953124	0.005012208058085961	2.567098982795481E-4	2.7551465200108725E-5	6.967846685920428E-4	7.1103714173933E-4
	0.0018691675925902596	0.5240525893294257	0.14271686398937863	0.038383761214966526	0.036875024997761206	0.031140584665255978	0.04958069639100614	0.17142773575761275	0.0036255509018734517	3.2802516012937993E-4
	2.851664615555194E-8	0.9181146181824452	0.05279664281941614	0.021351698065736755	0.005216618037290618	0.0025099603410222255	9.556500081236076E-6	8.363624924158196E-7	3.52803675763899E-8	5.894501700086238E-9
	5.623530086040773E-9	0.46070739419809836	0.4737982380687723	0.04586073034937157	0.01869518925755032	9.384100996015314E-4	1.539330778916578E-8	1.4381506885476263E-8	2.5138367027961226E-9	1.1442458535535365E-10
	1.0611965866047512E-6	0.28760466279737984	0.13840867642976473	0.07321676738063414	0.18466209760931213	0.18280830083177368	0.13329473324322158	1.3446410626431903E-6	4.424232576330427E-7	1.9134470070424123E-6
	7.008124170000407E-4	0.019964665945286675	0.034140255253492145	0.872405084558255	0.0650235915858432	8.401539079799312E-4	2.183474886747464E-4	0.006303912747530066	2.828926195364357E-4	1.2028347640155263E-4
	4.432736698056772E-4	0.32992350557822814	0.5362016047610593	0.07563030210364168	0.04457436407779454	0.008971792134549513	0.0032272511296969437	1.2659524588771E-4	1.275748611920011E-4	7.737364381445779E-4
	2.228083407058712E-4	0.5688449999282056	0.08384426745674643	0.17562739966532886	0.14228140113399101	0.006582566972659784	0.012835379837637545	0.0057967989034963426	0.001214725029001886	0.0027496527322267462
	2.0351788869721332E-6	0.9686285873372853	0.01586038830579214	0.01005845969551985	0.003595901136566457	0.0017005617500886173	9.228399141673241E-5	2.3208013170222277E-6	5.931457584466666E-5	1.472272822287215E-7
	5.562080009791082E-6	0.15279402249472918	0.6079716616396703	0.21231977153496742	0.026194282477621664	2.786125633066396E-4	4.095382566405323E-4	1.0141088146521652E-5	1.5027375402292733E-5	1.38048950564663E-6
	4.930050381335427E-5	0.2646040882362385	0.05012683285043675	0.4291644179295068	0.04165826718195687	0.20603865909420896	0.005806764503654334	0.001423794504855737	0.0010820838528735064	4.5791342455238825E-5
	2.236463934889299E-4	0.8588105597616796	0.06072642021652568	0.029013381331650545	0.011193549617273502	0.026216385043523555	3.2444536737590284E-4	0.012157192399108232	7.276035699054484E-4	6.068162994687088E-4
	0.00463600337468284	0.038037041920407355	0.8360349830942513	0.06548411174404858	0.039024731872736466	0.002609874473458565	0.004113287861175094	0.006148947990900018	4.093645526590053E-4	0.003501653115680689
	6.145574049654101E-9	0.599497292767494	0.35325218252016427	0.028899304836186274	0.01834829986827766	1.2212417325010785E-6	1.646268260346276E-6	4.378267586692138E-8	1.2515971265356997E-9	1.3180379206082716E-9
	2.7827217439324592E-5	0.2690654630596667	0.5117328392589799	0.17140594649557508	0.007720503907436211	0.032617441157756596	0.0030006038726887807	0.00427219910071561	1.354686366017706E-4	2.1707293140087505E-5
	3.088703065567966E-5	0.9187679039014635	0.06417221030719242	0.01118468787721453	1.0821990660517291E-4	0.0015902702351966549	0.0031388520156339535	4.159371949917596E-5	8.743562529437927E-4	9.10187535952855E-5
	0.0028828657160359095	0.5080523337837598	0.20823447887998953	0.1861323671626688	0.006951410308571464	0.04253781410484286	0.023061352504473016	0.002875601955016806	4.5439348361739373E-4	0.018817382101024304
	1.4519747454877496E-4	0.6306574461599266	0.2465910307897359	0.03384934256109024	0.03839351259750875	0.028673270866218546	0.019955310721787113	0.0012107229387571148	4.5576101910474573E-4	6.840487132219456E-5
	0.017768052510207077	0.08801318183867535	0.0808470220097528	0.34987185630120465	0.02262530042121711	0.05955471880675492	0.36703333968914054	0.010078922073734483	0.003580585947566415	6.270204017466857E-4
	3.880419157290538E-4	0.7565706575028291	0.06392869965109264	0.1377352660991539	0.010091740583787406	0.01760604056419059	0.012923951836103826	6.771468412512388E-4	4.622958938888345E-5	3.2225416473372245E-5
	9.600632855377711E-8	0.8588373010308308	0.12003994178633696	0.017560921335875418	0.0023068880396485093	0.0010188485957621644	1.022559179877087E-4	6.339387736564915E-6	1.267258550760772E-4	6.820444172333565E-7
	4.7224553701319394E-5	0.8751265228376447	0.06626204322033098	0.010801727402708083	0.040164334709467515	0.002993781251976002	0.004438479694457871	9.973875114283672E-5	6.246764215321629E-5	3.6799364173003045E-6
	0.0014548115880992363	0.20266490132552184	0.7036400460448419	0.07492626128682037	2.5520342962729805E-4	0.003433041351215959	5.48619858881461E-4	0.0044952924859860376	0.007688588471150821	8.932341578552493E-4
	6.670874048453346E-5	0.3973963253598035	0.15221550164397668	0.4419085932270409	0.007303555456617749	8.797005376852367E-4	5.1425602273415706E-5	1.350821756838916E-4	2.5225564997855494E-5	1.7881691436172393E-5
	6.572897942280775E-5	0.31731043153814353	0.5845859136695374	0.06855869057614002	0.011669259800031605	0.002638297943856082	0.014421502257399774	4.5458777058201243E-4	2.7162441683236034E-4	2.396304805426028E-5
	0.0036654269265886663	0.6367974032281568	0.13714619492688893	0.048921705374418464	0.008361521335330992	0.08510291523010592	0.0529112843478029	0.016547876738746407	2.584353817484561E-4	0.010287236510212582
	1.7816607518894578E-4	0.8232750484106967	0.08868239475639489	0.042153035900215526	0.02885038013391506	0.014380464870530964	0.0010883948394358087	0.0013164027711754696	6.564804491181622E-5	1.006419753468826E-5
	4.8226529174688615E-5	0.7683265008039729	0.21419666196746104	0.010077049895565121	0.003395281289229703	5.362641777122331E-4	0.0029838327978681145	3.1904951893761094E-4	7.94419219793977E-5	3.769109809921619E-5
	0.0016671088326829508	0.14111567819627657	0.3330628885540756	0.0023156104011475315	0.4968202231088075	0.00614075323628956	0.0038753409379507792	0.013586849603465012	6.013905525779381E-4	8.141565767265075E-4
	1.4254632985100102E-7	0.7304536184883139	0.011640711875684337	0.2153651960173791	0.041379897162154525	8.206726781781797E-4	3.2870492586374014E-4	4.8710428369022455E-6	4.901102994454979E-6	1.2841602649143833E-6
	7.81672305560921E-6	0.35930226634351337	0.36666235869743824	0.24879867532101804	0.018570078279160296	0.0039006340261706486	0.0013951714396740627	0.0012873587489354097	3.841738068259256E-5	3.722304035172587E-5
	9.856424925684948E-4	0.8822331469973758	0.023249534766929404	0.0822439921026908	0.001625693517894251	0.006761733007477456	6.699790880010237E-4	8.489842199978321E-4	0.0011286914538992355	2.5260235316565876E-4
	3.0744046253250445E-6	0.35589742580811434	0.5846730690569809	0.0381410622099316	0.016181491240385388	0.0027431164518124584	0.0019918179287233212	2.0117875761639355E-4	1.5486536482465683E-4	1.2898776985665507E-5
	2.644813361718512E-5	0.30852987838845647	0.3762259168998967	0.20032434572131078	0.04988310116698957	0.026189533144846667	0.018491427227955794	0.020097450908298644	8.278355919753569E-5	1.4911484943067673E-4
	4.1876112899519313E-7	0.21624951685235472	0.7378669529955609	0.04544653956249129	4.006870198717481E-4	9.329592139220703E-6	1.5076213085310218E-5	1.0718226642409053E-5	6.917144288995532E-7	6.906229660205065E-8
	8.875032798749682E-5	0.2913380843028235	0.29624378067098167	0.020170181487010733	0.1737934147759526	0.14706465660825746	0.06989957986962284	7.28965825513679E-4	6.304479248257082E-4	4.213820702442831E-5
	1.951398453936548E-8	0.7973518015826773	0.18223457887918143	0.016235899575621493	0.0011901079338448185	0.0028963677202683818	3.2688058882983934E-5	5.1463712716199906E-5	2.0748802458154992E-6	4.998142576974048E-6
	4.955487683311333E-6	0.811748068893518	0.0869194961561349	0.04100176895526756	0.032318759693431766	0.024983396532283632	0.0026021978478517373	3.6987806273677684E-4	3.825166651560295E-5	1.3226704576604786E-5
	1.8117423705721336E-7	0.9996516787330894	2.58780670647827E-4	1.2969875672884794E-5	9.642876001567103E-7	6.463637176279985E-5	1.0157045980254802E-7	6.610478157076408E-6	3.5149963453781E-6	5.618420276289519E-7
	2.02297369646387E-4	0.3950711433211097	0.4480499123552089	0.12843557779400788	0.024637322055552215	5.900480375612416E-4	0.002304241429438459	3.9972847296850455E-4	1.9180259020964467E-4	1.179265742969906E-4
	7.769459775256449E-4	0.6190953157456572	0.2945363544219154	0.03733447576784866	0.005253178864294458	0.02705770582110813	0.00803567602523153	0.0038890462241864057	8.397079648660129E-6	0.0040129040725839496
	2.141904645536208E-6	0.9939768444264219	7.853945976533009E-4	0.001616083129110213	0.0020140546874549154	0.0014108275352380606	1.1540097846830229E-4	4.7248084541738E-5	2.5324227887556732E-5	6.680428578556094E-6
	1.5876372236878211E-6	0.8443805129830755	0.06722183514561252	0.08568552089789322	0.0019964002157982635	3.0371240193523703E-4	2.8563906237883264E-4	5.513747060298583E-5	4.128427200138168E-5	2.8369913478371665E-5
	0.005227632538315818	0.4573599425419057	0.07692929705559616	0.11191491219456114	0.1156011667510561	0.03243260987407631	0.06005847551897495	0.07135275535926577	0.05879757536203317	0.010325632804214923
	7.127866900543678E-4	0.6432125637852626	0.1839022371864808	0.1424858125153157	0.012519580511618254	0.014461368278416946	0.0012149276739850737	3.346399186696178E-4	3.960891922184138E-4	7.599942479781328E-4
	0.0011043386247164833	0.9452954636036658	0.0021863974456895487	0.006605687081382572	0.019634171148955114	0.009888091284665218	0.008538607206543848	0.0018933075888327869	0.0024793202735789947	0.002374615741969629
	0.0056023237218038036	0.6313829264381483	0.3059596332593188	0.00722307549440075	0.006006704293516326	0.019120320491075867	0.02000371110774596	0.0016976079055203677	0.0029267696698665017	7.692761860348466E-5
	3.285400067303268E-4	0.11524221876471319	0.716007269848947	0.10663487214849977	0.056274007430537176	3.1128803293164445E-4	0.002314232388321433	3.259380966154551E-4	0.0025609716391798458	6.616435242106468E-7
	2.657287893297333E-4	0.05241480793872455	0.6885360924853505	0.15629005090307124	0.03927217434297707	0.02626998859037237	0.027486791718315084	0.0032290999312916883	0.006058388381130961	1.7687691943686225E-4
	5.812208303535016E-8	0.16712529482294336	0.83195668937446	3.7094374604386524E-4	5.439281583730257E-4	8.692805527370768E-7	1.6326793757157505E-8	2.0537591111094656E-6	8.7764616201136E-8	5.8645022866412234E-8
	2.1288256352391954E-5	0.30416278850505885	0.6866623034937048	0.003452528623965853	0.0016622020477356184	7.847378211102411E-4	0.001949570848515695	5.831602516002051E-4	6.916172581779334E-4	2.9802893778515957E-5
	0.005750820665969547	0.7436993324500003	0.09261694009324258	0.012546511209223517	0.11009756887281458	0.016484832334471722	0.00411306659232007	0.0028660809655252873	4.172478240811724E-4	0.011407598992351256
	3.1021443726697573E-4	0.9510617555844537	0.008957668383760914	0.0036143044206605334	0.03242645130640177	3.9703966274292984E-4	7.523942487670668E-4	5.860130566168778E-4	0.0014785343960218471	4.156245033072907E-4
	0.0010557211960953161	0.03942556866729574	0.14236468516408438	0.02520000207339852	0.1823917742464317	0.5951682468248529	0.008441767931783117	0.0018483498734212205	0.001916145872172001	0.0021877381504651332
	0.005973460466061509	0.3537630579773845	0.061133925027071045	0.1816258363647689	0.15937353517647165	0.05418890063765486	0.13359518234318246	0.01563829840649512	0.030858763668033917	0.0038490399328758675
	2.6852132526733463E-5	0.2808674359934178	0.6988825781740784	0.018069211820798407	7.919681069069327E-4	5.295523428684663E-4	6.915756067027812E-4	7.709916041309234E-5	5.060342391204313E-5	1.3123238375324464E-5
	4.152795530478759E-4	0.25686884236536167	0.500799022592797	0.06492671930749223	0.05691387096328416	0.09466788658351058	0.02202774096284509	0.0014730719143132508	0.0016072744805516771	3.0029127679657503E-4
	4.693606817041118E-5	0.46233219616976495	0.46597327289696083	0.07016680620416138	7.699384937954998E-4	6.579105563412247E-4	2.950102355560174E-5	5.391741648350972E-6	4.370982249976919E-6	1.3675863351774881E-5
	1.704753425313399E-6	0.8036988609050758	0.15171881299452386	0.041403871407976744	5.787969481815907E-5	8.05128842480833E-4	8.764342205074114E-4	0.0014040063687615803	2.709722284596413E-5	6.20358958428962E-6
	0.03332255824771857	0.013290666665000561	0.007287411990679739	0.38490936946328996	0.47713554209454884	0.03948158942042064	0.012649812943814896	0.021973260550564252	0.003562709290244704	0.006387079333717862
	3.7944366078912495E-4	0.2259430151243329	0.5102723133745384	0.2157676605945679	0.02124826406715804	0.001279456393875859	0.01226611686262448	0.0046343853186597665	0.00507500067519901	0.003134343928254558
	2.420429559002457E-7	0.053251921521711765	0.912712977153112	0.031139875229437702	0.0022789621256423184	6.097067458898747E-4	8.665524615911263E-7	1.63021459162259E-6	3.4461829200650585E-6	3.722312772299325E-7
	0.0021109805208600063	0.6952389990908024	0.23796397668522137	0.007039235595880383	0.033055345553830905	0.019092336872306933	0.0010461626009640413	0.003780579127147095	2.4365798987026284E-4	4.2872596311648205E-4
	3.289798173110592E-4	0.3726385033123879	0.13594369537361958	0.19813501404007378	0.06547765717033086	0.17568947619523068	0.046188218689356755	0.0024335471761607465	0.0019469703511556546	0.0012179378743730413
	0.013073368131179097	0.6608600678799095	0.07915450586497133	0.024077625875195886	0.0213614009091753	0.1442121805085325	0.033742026795480176	0.01955040391228925	0.0018667379509243146	0.0021016821723427383
	1.3976265362924956E-5	0.035306395324563034	0.3108827096550191	0.6177332007698572	0.014874091421851542	0.015405047055122686	0.005531956839505628	1.1984844957458379E-4	9.936540891052772E-5	3.3408810232814864E-5
	3.057653714666486E-5	0.14862746976656438	0.5193354770285368	0.13044901965864972	0.16466519344466382	0.03666174503818057	2.527164007082166E-5	1.6745226430853497E-4	3.667544934622479E-5	1.119172532378764E-6
	3.159883163195154E-5	0.0033171068923295577	0.8494425302252698	0.03978871425146995	0.029429232807695858	0.02650297874992754	0.046398275277385534	0.004932914907023273	2.3302080787838108E-5	1.3334597647870447E-4
	2.8666643646646506E-6	0.5048169965855612	0.48469067894043016	0.007786655244009393	0.002036100774230292	5.306654897745563E-4	2.2833976419917237E-5	6.260725966624557E-5	5.008255909501537E-5	5.125064486208459E-7
	0.009602722245130701	0.8641538771297267	0.042446903288358644	3.179638223627778E-5	0.057922287410412394	0.013988070156722748	0.004230609912678743	1.8987217703803454E-5	0.005769283259906443	0.001835462997123541
	2.4519520320620547E-4	0.5572823362041739	0.20466543501613293	0.2047189884163697	0.0051584883251216546	5.468930075527001E-5	0.020429124711335362	0.001882215435044001	3.621922323038576E-4	0.005201335155557124
	0.0035093092684933547	0.22466251140409899	0.2734782949655291	0.2830358432815059	0.1285438820157533	0.04291639520764766	0.015575851297257597	0.023058142552732454	0.004087411363384067	0.0011323586435976515
	2.126908178690101E-6	0.08446318806695707	0.5019605454064179	0.40888520909946574	0.0014615532689990442	0.0010471372736889201	0.0018721644070904826	1.463559764896651E-4	1.1978254821715526E-4	4.19370444953329E-5
	6.962485676542673E-5	0.7075988626802351	0.26091748941771575	0.00880443411988217	0.014856408371625279	0.0030654822087304045	0.0014227410725684965	1.9079731342700588E-4	3.05157737694133E-4	0.002769002221356317
	5.9597503251351824E-6	0.35970503750314675	0.5283978445676958	0.04609586544195932	0.063968411366123	0.0016996051603442649	9.759227772428371E-5	2.3009293347712017E-5	5.484374792980513E-6	1.190264540675723E-6
	1.8358022699527243E-4	0.5319110348810566	0.17162641668947118	0.07437063966670796	0.12678938868848935	0.024551429458546537	0.06540671337672602	0.004800888273125025	8.376132957759238E-5	2.761474093045496E-4
	5.459106695862026E-4	0.7298343068998351	0.061223698346256177	0.04219789147874459	0.15008822871690264	0.008301323064914655	0.0011014416480079165	0.001722068335702425	0.0041356830229997915	8.494478170505217E-4
	9.874773427742678E-5	0.11603286112887845	0.2371747835379361	0.4495582246481372	0.11861730831763644	0.06358142209504641	0.014471793656133589	2.5147743414784534E-4	1.161526548131401E-4	9.722879299335913E-5
	2.425595739774522E-5	0.1277775479689489	0.19343898790493702	0.5420557178859309	0.07981698796451137	0.043255084664385934	0.009392572589581963	0.0016151349212703444	0.0018688413901603803	7.548687528754982E-4
	1.4525586941038782E-6	0.9569006702639882	0.041330652349317494	0.0015643839605963491	5.885541520297987E-5	1.0037210210060055E-4	3.506712079817157E-5	7.444455604565425E-6	6.053313132441265E-7	4.964423843446344E-7
	0.0021542476408292766	0.8718836831693034	0.03701960657963555	0.04638086037713239	0.01006886013411458	0.011690258024608142	0.0036095303421812244	0.016172324242434217	8.113410393405132E-4	2.092884504206375E-4
	9.047328643596586E-6	0.6016324927356055	0.15771364981303757	0.11917876811269561	0.061439480026743244	0.03856091208493277	0.013399764845178446	0.002204231270556297	0.0048210507080312165	0.0010406030745758676
	3.429961304202145E-6	0.4103211196105072	0.431450857844294	0.0267978133554358	0.04895821841245396	0.08037994696795177	9.635948562654492E-4	0.001107808563884937	1.660328063099051E-5	6.071472716783589E-7
	2.3152000848680743E-6	0.942464094145021	0.046376510751890136	0.002969255625781847	0.003444829373250485	0.0038403335524954496	6.258828521931799E-4	2.5555922570123476E-4	1.9045773321390862E-5	2.1735002604562227E-6
	7.137720834382577E-7	0.9964253008422699	0.0024904008601184247	7.065130687039343E-4	2.92969965879861E-4	7.172918821640888E-5	9.578541689498348E-6	1.1969993955076251E-6	8.884722570989494E-7	7.082893859349395E-7
	0.009665494098065053	0.38037356130465316	0.2383505004358574	0.03490630093091057	0.1944234857892198	0.03189185711075672	0.0575274105603861	0.036919168944873536	0.008709239147039582	0.007232981678238163
	7.228212594023731E-7	0.8772349996627509	0.06859194526123294	0.03222786329316575	0.011019813354600741	0.010898924880744636	1.5045989074672229E-5	7.359181472825417E-6	3.2436842567087244E-6	8.187144135128004E-8
	8.67273635107857E-6	0.8737327546032951	0.007391140063547416	0.011330065216466081	0.09318924570493402	0.013408916043495627	1.2845042862928412E-4	5.410029821537235E-4	2.3721085580358955E-4	3.25413653239158E-5
	0.012263169685583941	0.01787405989360058	0.5424717624369954	0.08359946831278378	0.010559971140578456	0.18354376076212095	0.055375485944874354	0.032002623521131354	0.012036392777719243	0.05027330552461189
	2.334013365040688E-4	0.22330273158353087	0.05827575345459703	0.4591355664654505	0.07675011878194665	0.17460033513511297	0.006152736763917003	0.0012093046688617605	6.901544314172144E-5	2.7103636693747677E-4
	3.0014019195567787E-4	0.8222291014797538	0.04458988371544258	0.05844976478814749	0.06282823787305877	0.009284132734357034	8.688228685873615E-4	4.880155479167484E-4	9.328809931477162E-4	2.9019807632858978E-5
	4.217008405714706E-4	0.5550785870663297	0.14617287905859147	0.10637651969766836	0.09975443478922916	0.0853156932302952	0.001050978639503371	0.0011505783428817306	0.004633528295028081	4.51000399015136E-5
	4.959314300883033E-4	0.726987992476159	0.21039018424782058	0.028395510655693557	0.005070358574973132	0.018068357855513372	0.006132848685730113	0.00361474480827306	3.4844944367298325E-4	4.956218220758767E-4
	7.098799691163116E-5	0.21214164179072725	0.5201902007668339	0.02659093412466893	0.1833554123087109	0.03485590443697697	0.01925737676928214	4.742091660891198E-5	0.0025292544207479975	9.608664685313495E-4
	0.004308267856995118	0.0011098103446129937	0.16900631858801352	0.6950746659853347	0.04288200867713389	0.07923774358509096	0.0010684932794255324	6.205115850275035E-4	0.003987407590475828	0.0027047725078900675
	4.519279437231738E-5	0.7231781054459462	0.2609938904325942	0.00888051313038331	0.0010478586178396896	0.0029434640912364574	0.0024796122764921343	3.442679760026975E-4	8.459538525676467E-5	2.4998498760662255E-6
	9.338872904440798E-6	0.9638887250180015	0.022201489805806517	0.0045129340480616386	0.0061346960931757556	0.003187518946081286	9.82537880147221E-6	4.8537607943892066E-5	6.840492300882575E-6	9.373692263248338E-8
	0.0014044842955465153	0.19918014074490376	0.19205669091491742	0.21003362090093425	0.2706997451249106	0.06407229938427295	0.0321457818970222	0.008027567331445837	0.014795647432635926	0.007584021973410578
	9.195843081299948E-5	0.10777359625577876	0.40031121992285734	0.40431417420042487	0.05829021132906999	0.02340798416885094	0.004538510114918394	4.7703605795144395E-4	6.422560978996248E-4	1.5305342143570464E-4
	0.002783366137603993	0.144691151476534	0.16624979652598634	0.3553358223128714	0.04569005295693466	0.17663303728625382	0.05843913759090439	0.017168682655040356	0.00959904698260019	0.023409906075270968
	0.01103346804549199	0.07095540425449265	0.09024435692105902	0.05610400082627998	0.21483342896738894	0.17935124475816083	0.21093557153157935	0.026867077005022763	0.08630089102400887	0.05337455666651557
