	9.590800372216712E-6	0.32087064434419355	0.17983336111863277	0.13820616614243977	0.12770874102776444	0.21737658377596203	0.0020895909605998645	0.008599372902282475	0.004232737118055413	8.43770708059409E-4	2.1298423518649096E-4	3.867233467866126E-6	2.091986801679626E-6	6.667606971172445E-6	3.830039210765152E-6
	1.0	0.0	0.0	0.0	0.0	0.0	0.0	0.0	0.0	0.0	0.0	0.0	0.0	0.0	0.0
	0.0	1.0	0.0	0.0	0.0	0.0	0.0	0.0	0.0	0.0	0.0	0.0	0.0	0.0	0.0
	0.0	0.0	1.0	0.0	0.0	0.0	0.0	0.0	0.0	0.0	0.0	0.0	0.0	0.0	0.0
	0.0	0.0	0.0	1.0	0.0	0.0	0.0	0.0	0.0	0.0	0.0	0.0	0.0	0.0	0.0
	0.0	0.0	0.0	0.0	1.0	0.0	0.0	0.0	0.0	0.0	0.0	0.0	0.0	0.0	0.0
	0.0	0.0	0.0	0.0	0.0	1.0	0.0	0.0	0.0	0.0	0.0	0.0	0.0	0.0	0.0
	0.0	0.0	0.0	0.0	0.0	0.0	1.0	0.0	0.0	0.0	0.0	0.0	0.0	0.0	0.0
	0.0	0.0	0.0	0.0	0.0	0.0	0.0	1.0	0.0	0.0	0.0	0.0	0.0	0.0	0.0
	0.0	0.0	0.0	0.0	0.0	0.0	0.0	0.0	1.0	0.0	0.0	0.0	0.0	0.0	0.0
	0.0	0.0	0.0	0.0	0.0	0.0	0.0	0.0	0.0	1.0	0.0	0.0	0.0	0.0	0.0
	0.0	0.0	0.0	0.0	0.0	0.0	0.0	0.0	0.0	0.0	1.0	0.0	0.0	0.0	0.0
	0.0	0.0	0.0	0.0	0.0	0.0	0.0	0.0	0.0	0.0	0.0	1.0	0.0	0.0	0.0
	0.0	0.0	0.0	0.0	0.0	0.0	0.0	0.0	0.0	0.0	0.0	0.0	1.0	0.0	0.0
	0.0	0.0	0.0	0.0	0.0	0.0	0.0	0.0	0.0	0.0	0.0	0.0	0.0	1.0	0.0
	0.0	0.0	0.0	0.0	0.0	0.0	0.0	0.0	0.0	0.0	0.0	0.0	0.0	0.0	1.0
	4.2515679575805265E-6	0.14699063985216265	0.10624350489860271	0.47525974302426083	0.22428527529531148	0.03125009041602327	0.00845733723494744	0.005247824065294911	0.0016236699433650067	3.045047009949851E-4	8.762345459009174E-5	9.377704358933919E-5	1.2222998570865244E-4	1.529116119767398E-5	1.4237355993243972E-5
	8.025914218612318E-5	0.6244734240272989	0.19655074937694705	0.1294115772873405	0.019103297054166288	0.0024604868984865282	0.008574874035486785	0.001956578066079735	0.0047806838319030785	0.00711780600311794	0.0011941199959201035	0.002205208709199621	0.0017917357197930871	1.3181949281123944E-4	1.67380359262973E-4
	3.468176057452865E-8	0.09643597911026514	0.5919862243238287	0.04553006516515912	0.26465513631001286	6.383801660510398E-4	2.174523022248556E-4	4.339471112671962E-4	1.0190259715953299E-4	1.5640793622827065E-7	1.6226934503205947E-7	7.864382432579135E-8	1.8438531500211504E-7	2.7264688951059415E-7	2.387896066602184E-8
	5.589600573019382E-5	0.319974850159352	0.006418323466460524	0.3957414300026621	0.16454170897430723	0.10843269342471915	0.003229978600253902	3.5091487979841557E-4	6.632877311816568E-4	4.525083376310183E-4	1.7997566513940225E-5	8.09193954137722E-5	1.6194861848946798E-5	1.6803117696233078E-5	6.4934764310041635E-6
	1.0994556731702687E-7	0.8024432839385834	0.13576959252952417	0.016903756063346004	0.04110176933256834	0.0015930522647786356	9.595944916003414E-4	4.862729545990351E-4	6.682643285499906E-4	2.8555436190166398E-5	2.7449012822444367E-5	1.3546938805629551E-5	4.133863881966484E-6	1.571066227239519E-7	4.617925597815647E-7
	1.2060913062605927E-5	0.5665946347971816	0.28525072894770487	0.13798608411700233	0.004750886177151121	3.9593756251204667E-4	9.054440439652438E-4	1.5889315891129308E-5	0.0023674830294139384	0.0013689502389652608	1.0425186250512502E-4	1.7549296828049595E-4	2.1221034688180973E-5	3.5247439996606E-5	1.5687551679557384E-5
	6.362224023170882E-7	0.4816483072271964	0.02364451641510448	0.2454298006009042	0.23153674050415834	0.014915437303181924	3.391403383515533E-5	2.1153737815603153E-4	0.0010429989261383373	1.6026154198374673E-4	0.001342117599476929	4.623040703300116E-6	2.185994939328382E-5	3.935061359781001E-6	3.3141960058178706E-6
	6.960167553415886E-9	0.25524162287460184	0.012160919291066837	0.7279917297326348	0.004099882766075643	3.800027391830376E-4	6.182833245355942E-5	1.4988007928326572E-5	4.659088579708428E-5	5.163332508093561E-7	1.5264718553023916E-6	1.3416431984451853E-7	2.399665697812368E-7	6.7927109018398E-9	4.681384558823725E-9
	2.0920675788083098E-4	0.5515648452337484	0.3550163546488457	0.07982758845897349	0.010194244449064459	0.0012790793196629474	4.6344114661141386E-4	4.890642186654182E-4	6.441045937525027E-4	1.1970217767290863E-4	9.849376387326437E-5	1.1630346902420061E-5	2.5537565939113196E-5	5.536896712370318E-5	1.3383512831952582E-6
	1.260814884914696E-4	0.7499612204201886	0.2106389579099622	0.0020415728737028737	0.010943138859988868	0.0016567285315328972	0.018673140836578853	7.350370903466003E-4	1.4816920287648362E-5	0.002224792646306316	0.0013109424600112008	0.0011012174916399918	5.103550716196885E-4	4.958733213637708E-5	1.2410067206588439E-5
	1.5591898661071468E-8	0.12594781387748144	0.5927807522139806	0.23293262972081752	0.04430023732989193	5.385925147942505E-4	0.002740775314416118	5.38181511883996E-4	1.6990054141635418E-6	1.8549204184351687E-4	1.5942083360649168E-5	1.2262929612313653E-5	5.513593145902587E-6	5.331883844654359E-8	3.8952620416650884E-8
	3.006439177721809E-6	0.2473888420744319	0.2728217147617667	0.01937934566680798	0.06389961484636267	0.20348185387345058	0.18416623279055688	0.007972660741779158	6.973019005492335E-4	8.044674704339464E-5	4.592354291911887E-5	2.2940235974442424E-5	3.094003657076803E-5	3.1766161440645773E-6	5.9997264654408215E-6
	6.50910626509571E-8	0.8912224159640814	0.01586674085571579	0.09022555608558759	0.0014129449036716167	6.12274202444814E-5	9.945702140851033E-4	1.6104686508398646E-4	3.7250314327948114E-5	1.1653673571330172E-5	3.543924959639461E-6	1.9393141770701765E-8	1.7881760984250737E-6	1.1559466729752141E-6	2.1171695276310374E-8
	2.1515637116387154E-7	0.04386568838230687	0.4267018994608076	0.3708225804479657	0.13555252137390675	0.022645616351263255	2.8598199909852823E-4	7.039204537053034E-5	5.661448898459442E-6	1.2514366603177547E-5	1.264245740890223E-5	1.7110119845963933E-5	7.12841691401333E-6	2.597776890960032E-8	2.1995470089555457E-8
	2.1418192530653357E-7	0.5287441953516714	0.45180807367404374	0.003516253880280206	0.004912119382521142	0.006564749759757194	0.001557655470124092	0.0023473401345007823	2.969295048401514E-4	1.2613551535247522E-4	8.854342607493241E-5	3.522240116354391E-5	1.9898631144410857E-6	4.127428273167144E-7	1.647118034535016E-7
	0.0010052421694835	0.46921963987637194	0.23656908227790102	0.031168788810939034	0.023799850499263277	0.09822905444826152	0.10534901017651246	0.01176520993708407	0.016470282315732346	0.0026509088184196376	0.0023262451504454345	8.60480872859306E-5	6.138852849842107E-4	4.797005903597444E-4	2.670515569559502E-4
	6.682510989008961E-9	0.34081831882569247	0.5655255189086383	0.056575364338838335	0.02240498982069919	0.012413727402461109	0.0012998528900234267	7.334815387296606E-4	1.73340840288559E-4	5.248200299851455E-5	2.674895055122792E-6	1.8802882925356793E-7	3.218024212325711E-8	9.95587876031268E-9	1.1689113983745305E-8
	1.9676888901587475E-6	0.4737529282469436	0.4366045031982281	0.0031738652651524717	0.0508738572658275	0.03514534571898337	1.2372912059386396E-4	2.03764343837828E-4	4.3771611566845375E-5	7.782304466293839E-6	5.868843011923723E-5	4.788398862329071E-6	3.86551328581101E-6	6.59761912106567E-7	4.831313305217725E-7
	1.55916821229507E-5	0.9503203786614425	0.018078090752619517	0.01701116189142473	0.005236952690954718	0.006035933391079688	0.002146875294468728	7.13324191176117E-4	2.8367303787642104E-4	4.754123646637221E-5	1.9955551679143033E-5	1.3174938223251481E-6	4.85685402212251E-5	6.551261773524227E-6	3.4084322872150444E-5
	2.381513725557838E-6	0.30126751818039543	0.07617302540604756	0.616893503151982	0.0046342589803599395	6.542210281295788E-5	2.905453147568294E-4	3.2407270863202225E-5	4.892954369792586E-4	3.0413995491021334E-5	1.035112844939669E-4	2.3318277223589305E-6	2.7008298307143334E-6	8.403276860543915E-6	4.281427678819927E-6
	2.7874184659193446E-4	0.8744257410467413	0.009719938865857513	0.029740321490808647	0.06087612780092447	0.004129475596286156	0.012017591477561321	7.315750892782666E-4	5.91055986284407E-4	0.002283243152201549	0.003921054423440993	0.0010476282361261448	6.271068507975692E-5	1.3709653895371257E-4	3.7697763863889244E-5
	2.794427111929565E-7	0.3459979722691342	0.5723612610859179	0.059145001495968214	0.019829495599445232	0.001915586941831327	4.3622955858480363E-4	1.8846696977950974E-4	5.415062421293234E-5	3.628160152746623E-5	3.362080453211645E-5	1.9934112195853488E-7	9.142550821960979E-7	2.5565216244523334E-7	2.843579886379004E-7
	5.800443349301965E-6	0.4223677127370302	0.29900473347341266	0.13278963120362416	0.027691711029908538	0.025872295197468028	0.037462196950850055	0.025161378508241034	0.027848534306480953	5.652821073546234E-4	8.51129785630894E-4	2.633667150417489E-4	3.2322894975867064E-5	1.890051066396898E-6	8.20145955652893E-5
	1.0783438871730944E-5	0.17511066121075514	0.06033027694881518	0.6918592118607677	3.00394801778493E-4	0.059414238097816506	0.008512696376015311	0.0026519897511159975	8.118551535314562E-4	5.863718430451028E-4	2.963902986572832E-4	8.646979654740158E-5	1.5418267973575005E-6	2.032482166064716E-5	6.793773824710637E-6
	4.3458715981437024E-7	0.7353094513464883	0.18351911627366352	0.01610037917986011	0.00440013667436126	0.04259542767417897	0.01617793151870037	2.872771832937305E-4	0.0014518320288773373	5.511591069157269E-5	7.06173014677493E-5	2.2535267148200168E-5	7.398391922650212E-6	1.3275983913629549E-6	1.0190637950721892E-6
	4.508919626111663E-6	0.8009675819239002	0.17852101983814098	0.0010669145171629314	0.004028766364424046	0.008520336752668656	0.0024595652705206522	0.003367995900314594	7.383386609779203E-5	6.184468468735465E-4	5.335084502815566E-5	2.4032056757530368E-4	5.3505733747695155E-5	1.500206159940595E-5	8.850592320108123E-6
	2.6768672389820836E-8	0.8733283385649447	0.028959143875982314	0.08506826156817428	0.007265867903950941	1.7608269347127776E-4	0.004978930070133589	1.5816047521790048E-4	5.175392443277025E-5	1.0366513705594278E-5	2.5120458045968037E-6	5.3723066637516024E-8	1.077685093111208E-7	3.0067162512438083E-7	9.343230851370994E-8
	1.3343709182045416E-7	0.6086415204180649	0.36404538504313555	0.0020847404575547778	0.012967792210275641	0.008962920684981857	0.0020037557521043587	0.0010238675166208558	6.953892519413891E-5	1.4488730485540303E-4	5.28131298445692E-5	1.9907508222380728E-6	7.891813678294806E-8	5.671267852054135E-7	8.32453190673885E-9
	5.7740230818836835E-8	0.6601756773255443	0.32623829244914154	0.0038425606981924666	0.003264868447835139	0.005972798092410837	2.4319626794546548E-4	1.3017984150784788E-4	7.482473068040187E-5	2.5973580439167193E-5	2.6121003167077714E-5	1.4082235889174616E-6	2.9894806235740305E-6	7.698649730582396E-7	2.8225371915232106E-7
	6.61247243627372E-8	0.8842090496358823	0.0415852256271483	0.05151678566006761	0.005831397832202285	0.013747684831474068	0.0025071701075066086	2.10894453770289E-5	5.63564692501881E-4	6.848314648268582E-7	1.0795978993138944E-5	4.9874303484303565E-6	1.0447029293526777E-6	4.162054505434493E-7	3.6893929359819444E-8
	2.6729549238435624E-6	0.5208885270904793	0.23221193681257737	0.06232963913256249	0.08825772143252271	0.07383263570001701	0.0023640784187688372	0.018375027475611577	0.0013323299258926758	8.212357292749137E-6	1.245364400064674E-4	6.086271426959254E-5	1.1599915205634291E-4	8.62894877332784E-5	9.530905285778822E-6
	3.690686927260156E-5	0.6481359942139726	0.09073131745695721	0.1662759816856787	0.07049425564498911	0.007251761979671943	0.0094659149942303	0.0016143203937504227	0.0037453481748924555	5.315629208604187E-4	0.0010971458697684735	1.2292370514464473E-4	5.424423316759925E-5	1.0815329813606695E-4	3.341685595074335E-4
	2.3756855500600693E-6	0.7904947775122811	0.03598644149690954	0.009783855771176292	0.04811922280843262	0.09017209156007719	0.013556879012165504	0.0114354589834527	1.5149373567207721E-5	8.762578847112716E-5	1.6225533737266202E-4	6.649904484215634E-5	1.0977563836572001E-4	3.114987661222218E-6	4.476999674940377E-6
	8.491754577288901E-8	0.47561038358304675	0.04595807413336484	0.4491420362672253	0.020283805642448076	0.0014733289096916702	0.006813302238252362	6.867552583690678E-4	6.766089267584459E-7	2.052273539676365E-5	2.5792044378847625E-6	5.2333315565554334E-6	2.558271576880842E-6	5.58433606166736E-7	1.004645552102223E-7
	9.394948873420184E-6	0.933966464510424	0.042957738701521114	0.015238710466319536	0.004194295656184397	0.0016474343945678783	3.8352747171325384E-4	1.7530232570659308E-4	8.743228775453924E-4	1.0329211321798674E-4	2.2406727849758063E-5	2.0994220088224258E-4	8.619016594056694E-5	1.1297207665027558E-4	1.800536260368218E-5
	5.335342062817716E-6	0.18196541114897202	0.5415345304430588	0.18882418996040534	0.04298480201625635	0.015912025561169735	0.02066718851613809	0.004682002126483229	0.0016622116127428233	0.0015568298202735238	8.263920299011908E-5	6.929150207387314E-5	2.98551190721359E-5	1.1882143912906939E-5	1.1805484388197169E-5
	1.8725430595001313E-7	0.7982402566086865	0.15284940906110006	0.005873241732766785	0.03050616752427176	0.001879382660285994	0.008687461350907524	0.0014602560007471622	2.0260568584087773E-4	2.2682671493481655E-4	4.708467777095576E-5	1.0626590159717414E-5	7.88847080182134E-6	8.57204955315461E-6	3.361786713373326E-8
	3.7432397959058505E-8	0.6663753915214594	0.3031305509645967	0.0114897939419797	0.007362687902848459	0.007048277113497721	1.2767922027988798E-4	0.003512666695918984	7.058909141078489E-4	2.283581052611074E-4	1.2087193206897138E-5	5.628559254979412E-6	4.977309937049048E-8	2.4181055133610564E-7	6.588515394371222E-7
	2.8908138905880953E-5	0.41653854945198	0.21286505336025202	0.02532182147970598	0.31087114818952954	0.020322721381216113	0.01015158764091308	3.5977001573500486E-4	0.0023163459046519484	4.279378514636126E-4	2.2048096196123284E-4	2.0220656999231671E-4	2.396690166805262E-5	2.6873538667269608E-5	3.226286133578683E-4
	3.357944281523473E-7	0.8407956464562754	0.12847355925219645	0.02053366175041748	0.0035595746051201756	0.004418888101494305	0.0015623218985709709	1.1372955530215472E-4	3.030365727764714E-4	1.8211950361051468E-4	3.94929636689002E-5	5.975824821873678E-6	4.697717915377726E-6	5.512265136137383E-6	1.4477382659316265E-6
	2.1693334398831254E-6	0.0033880934367543913	0.41551387101057824	0.5587529786033212	0.01903990896261129	0.0019226465721911379	3.7812663126393474E-4	2.417618994048072E-4	4.689843732251507E-4	1.0772813853397804E-4	2.892672249383704E-5	1.269468037725404E-4	2.617590906121886E-5	2.0558258887510225E-7	1.476020759486871E-6
	1.1871777549909979E-7	0.4236573621173493	0.517195242590567	0.020378503156799198	0.01089085868953017	0.02436425319606661	0.0033791851255987183	2.7358831697645626E-6	1.1253473787145293E-4	2.9409836555618213E-6	1.2473975338158845E-5	2.5783607665456416E-6	8.241752288659148E-7	1.0689190057804956E-7	2.813983823252999E-7
	1.0974366693172755E-7	0.6156477487185121	0.33912913243177034	0.033285258341517104	0.0018442375501162434	0.007847468158630168	3.604435692477341E-4	0.0017851924005125965	2.6032046653634556E-5	7.864492694634202E-6	5.827185748174839E-5	2.4132324003364695E-7	5.582826945794474E-6	2.3523212370499463E-6	6.421777404114338E-8
	1.3504311108469835E-5	0.44911642411010466	0.40860252009591497	0.0748521919433719	0.058396418299927526	4.98458831833065E-4	0.004579482829607636	0.0020189622162396746	5.940005268582047E-4	7.6455873534735E-4	3.7447205276429656E-4	5.056150114221944E-5	2.4084009178712147E-5	1.0355484556127434E-4	1.0805691040182072E-5
	7.607427106148812E-6	0.5105202356025014	0.08207640430216674	0.29366376471802913	0.05931845742435701	0.016265887513956297	0.02815803830349446	0.0011088207002271685	0.0012360038521788518	0.007474548300939414	1.268857433502364E-5	1.2959109471507522E-4	8.412383318407541E-6	1.2836307131122164E-5	6.703495543635242E-6
	1.5334159079150034E-4	0.6326953142188715	0.24664546398082624	0.07745410192628617	0.009231334007848422	0.003942763332755632	0.01791595114974799	0.007307538722606363	0.0013690323818160155	0.001718345815675662	8.237764607752084E-4	1.7310033956887332E-4	5.211858638955022E-4	2.7300678885552934E-5	2.1449529649351993E-5
	1.6879127689328755E-5	0.5059379196359399	0.4238528910235396	0.00486762625686109	0.013055303394874122	0.04507921262750236	0.005797078065654107	3.7889729850968935E-4	2.2038923798852486E-4	3.6128759865322905E-4	2.0392258778318225E-4	1.919959912742395E-4	2.82879287346151E-5	7.0574401822498364E-6	1.2517848134374098E-6
	5.632326088855777E-7	0.2429453205858383	0.060884739852874854	0.12403149753147416	0.5491264561713006	0.004825396622746631	0.011756280270102573	0.00506524428360669	8.625531519551172E-5	0.0012533613710282094	2.9370224101090815E-6	1.999934959567698E-5	7.552217313310352E-7	1.189888250642412E-6	3.281236008891156E-9
	3.3958713152593134E-7	0.641875522573539	0.1530395516734972	0.12411637083959463	0.04931281343316058	0.01867481210931344	0.009307793551198321	3.4086088876669957E-4	0.001724254225094241	0.0013057631567043114	7.070066450958256E-5	7.294172203892331E-5	1.54000508334875E-4	3.700602590894354E-6	5.744645256788388E-7
	2.7357434340125053E-7	0.8562963411904377	0.059094370031072846	0.02582617291929447	0.021586748166630875	0.004239193196591027	0.028595136081702974	0.002490439014662522	1.0273163450048544E-4	0.0017434474643883901	7.986457162618084E-6	3.713137514417234E-6	5.664326175154772E-7	8.822973164101745E-6	4.057725916713811E-6
	8.063516521161773E-11	0.15305763822982776	0.6925566999873731	0.1282625533792121	0.008575353730755384	0.01615357799886126	0.0011194138045754998	2.196126899317124E-4	5.445383082053655E-5	6.429393962786246E-7	5.3109240126621956E-8	2.882089792514315E-12	4.2598181813572E-11	4.3389894648986756E-11	1.3050080147654527E-10
	2.3183319108888156E-7	0.3185495001186269	0.5767337185974851	0.03439642477867534	0.02449480359040205	0.02027293319828693	0.012025059485219128	0.012465152633748288	9.442830598035252E-4	3.477598740025009E-5	2.1885113932467137E-5	5.838892094923238E-5	2.174721198132047E-6	5.531536235012512E-7	1.1480745821577104E-7
	6.29640239946383E-9	0.19419246488200104	0.4017458087950467	0.3708943282669138	0.01748519836628067	0.015572017212658594	5.650329669551323E-5	2.4012855566473523E-5	2.9253556495136657E-5	1.425610332604835E-7	6.312946185055956E-8	1.0848095587994232E-7	7.108073207108337E-8	2.113859774087275E-8	8.115858864359162E-11
	3.250644398100633E-8	0.40150796858796056	0.3239363456493562	0.12672145631943676	0.026350915844345894	0.06114312324146429	0.04518794008847981	0.014896600117788759	2.098267820721344E-4	3.2067577266081924E-5	7.072937362179864E-6	5.439327654514176E-6	1.1577034366376558E-6	9.79724682849444E-9	4.351968542448847E-8
	3.847887430907804E-8	0.9082774934210367	0.0747024912432233	0.013448671788128948	0.003201238776714256	2.0938725895575414E-4	1.1896874381218589E-4	1.852494488458559E-5	6.935313664824529E-6	1.1988121992227495E-5	2.558027328639296E-6	7.539174775354831E-7	4.914822031338129E-7	8.628156535100967E-8	3.722001381394661E-7
	7.771315183702221E-6	0.027029526284564342	0.03633978475910381	0.6529901819201215	0.27810362350462287	2.1058267575888874E-4	0.0032192073205702235	3.666803929930027E-4	8.325765547386588E-5	0.001449791263075937	1.4227805898148533E-4	4.900948205591383E-5	4.1510530045528755E-6	1.622917434488767E-6	2.531397055318851E-6
	1.577863569246496E-6	0.2966869548842418	0.05642455680485152	0.592231091725189	0.002896352337731838	0.04801905884323879	6.119338129683242E-4	3.260511293433113E-4	0.0016484393457701272	1.1094262889265056E-4	3.802160522530741E-6	1.0817260754608014E-4	9.115693087848232E-4	1.262438973649358E-5	6.872157613685198E-6
	2.7408090507385907E-5	0.5333241640565881	0.12007639876861377	0.18786374633800731	0.13466253438232625	0.01691180564990544	0.002574164286036366	0.0014339555743734299	1.9856370198503346E-4	0.002546455724642737	2.5212988164018666E-4	4.0942632409140736E-5	4.317392627553565E-5	3.5053168075407844E-5	9.503818613923327E-6
	3.423366770927139E-5	0.9366644982287071	7.543915468555842E-4	0.009687834744637988	0.015338832167378635	0.01413183850863853	0.008839305936463161	0.012865308578528013	7.975667855947241E-4	2.0594923267217913E-4	4.488726270885785E-4	4.212792667057057E-5	1.0061239933545794E-4	1.3910067942169115E-5	7.471758177796108E-5
	1.5434220798971054E-5	0.27960855537250784	0.15986624232138497	0.05349382701998653	0.3635699465009854	0.0013452017772816985	0.09791155022276499	0.028967150643209004	0.0033184860940720577	5.225158562942385E-4	0.0112350100728986	3.50021543134288E-5	8.903058496706062E-5	8.398740103534247E-6	1.3648418431772235E-5
	1.559395057526558E-9	0.8975093144373597	0.06917603811645845	0.03193748553858051	5.472457153617933E-4	5.614041354083999E-4	2.566195023893003E-4	1.0149350471067724E-5	8.147499258528943E-7	6.06015881586474E-8	6.358609284201821E-7	2.7496671486667593E-8	1.7914943123189506E-7	2.1296610390031217E-8	2.4894200723089766E-9
	9.999034937813178E-7	0.925268746365922	0.024735204605641933	0.01907470495705192	0.025383520492406303	0.00287267805833894	0.0013084168805818663	9.389459241656441E-4	6.824888485874204E-5	1.9489147623679809E-4	9.917095805733247E-5	1.2459154039319461E-5	3.6272673914547845E-5	5.717660551323535E-6	2.2004739389849766E-8
	1.613217216720475E-4	0.23115737700275962	0.1505265761673882	0.228601279589566	0.04405003790119768	0.1618766994828974	0.07954352486052858	0.02499293297486408	0.0292010040350244	0.0370697363230747	0.0015551446320963976	8.126722901631262E-4	0.003376140330854582	0.00684265433455051	2.328983533627399E-4
	2.6784118367650933E-8	0.9784709806991517	0.015583696056231671	0.005910286250813571	2.657359400597949E-5	3.0143127997740835E-6	2.549618340135076E-6	6.579855005520578E-7	1.8110368622896812E-6	1.841464234953738E-7	3.9840865885336994E-8	1.479558275000227E-7	4.467917842311675E-9	2.6155672654687472E-8	1.0954687057131803E-9
	2.4671529773589995E-6	0.15602377727570582	0.012076962488456267	0.558589610377776	0.1527119762138508	0.10453012798435475	0.008080774175037192	0.0013810470592505039	0.0018483362116043743	0.003958182716955572	7.639003764955948E-4	2.2191842433404365E-5	6.196334833714926E-8	7.252227830409991E-6	3.3319339237141976E-6
	7.497987786209137E-10	0.6867001230369377	0.2746835327190591	0.037917674534798065	5.909383720628482E-4	6.946282042428747E-5	4.371282734240791E-6	2.271142140069356E-5	9.724193719366956E-6	3.565141772221158E-7	3.5987372632645446E-7	6.806116118410937E-7	2.5086753336980615E-8	3.2155763074839584E-8	6.627033190258792E-9
	1.557615188674255E-4	0.5148863871252639	0.22125369067701786	0.03355879370439244	0.18037568768870577	0.02441482106816843	0.013288551644603594	0.0064841645882972015	6.165568275628142E-4	2.216752475360279E-4	0.0016219321259200697	4.011197914665722E-4	0.0012651101280731227	0.0013141801765951136	1.415676875297022E-4
	4.5502364497185255E-5	0.037994019599963624	0.19690021616320505	0.3736630655637879	0.22089466946874742	0.02837140748776565	0.09903809582554422	0.025263657397156088	1.1403957316513525E-4	0.017015966828023844	2.835622790583279E-4	2.1458618903324653E-4	3.18955671441355E-5	7.134998190384302E-5	9.79657110043268E-5
	1.9107664317452588E-7	0.2682546549852398	0.6386495822043171	0.006872851237971257	0.023242659669777923	0.05402627730024503	0.005704610824158386	0.0017237370407602798	0.0013700486668732747	9.100642913982555E-5	6.0954760693828735E-5	3.107477359432474E-6	1.40629189535352E-7	2.178948297816396E-8	1.559081482466235E-7
	6.919045691944348E-8	0.5566808427052806	0.00631980381561024	0.42223223140677374	0.007430454980095618	0.0037574635647160738	0.0024141863697113896	4.4067403821471015E-4	6.454705742262745E-4	2.8519632248145815E-5	6.248939091557474E-6	4.0920144648047854E-5	1.9443044040543575E-6	6.146915371706918E-7	5.556429855394858E-7
	1.821364448151286E-8	0.6840817843801501	0.16990306521320347	0.09866844731720935	0.04587444369150739	8.234089491748101E-4	4.023373730653134E-4	2.072427682561848E-4	2.4238471697448215E-5	9.003547247562221E-6	4.806998955929272E-6	4.462771490015855E-7	7.229204868079277E-7	2.9458599615204235E-8	4.419652771893311E-9
	5.612698417145623E-9	0.7112162600945233	0.20276470503583574	0.06975383855604692	0.0042563301286648305	0.001797153704143142	0.00855240511404206	9.177767282176832E-4	3.161150693273192E-4	4.224505478059599E-4	2.7315033567237726E-6	7.463880661529043E-8	8.715610738675288E-8	3.995357837420024E-8	2.6156845608302046E-8
	7.546508429268073E-8	0.5028427686466304	0.44319909557815423	0.04866932158005238	4.980848373846991E-4	0.003272855427433735	9.235764658828532E-4	1.4934210777875788E-4	3.7865901724021484E-4	4.1076959989770726E-5	1.9254770844730727E-5	5.19241602417106E-6	1.3463002984386103E-7	3.7075381385455086E-7	1.9134365628307504E-7
	7.143342792303997E-5	0.10425579481760772	0.5464957925757031	4.236912322910952E-4	0.10720225694740841	0.05193371004534475	0.044193530674385646	0.03835088553014298	0.06727841149712437	0.025741668592136814	0.012271161657357532	0.0015152243562346183	1.2409198685617789E-4	7.206440174751383E-5	7.028225773617674E-5
	7.372178341125135E-7	0.6939140614393909	0.18536536393773226	0.09275834484495118	0.015387246172355156	0.011845305389740534	5.042933300825473E-4	1.0483147673296199E-4	1.0168856903601563E-4	8.78289310389573E-6	3.1773379625338606E-6	5.643728431642037E-6	8.946207569623472E-8	2.6259051909421855E-7	1.7161005133673973E-7
	7.944018407535225E-7	0.18638663660713106	0.35254404672786904	0.3668514711881617	0.07419461190160596	0.008869409358389752	0.008092253939016098	0.002601977456595607	2.1766291852122783E-4	6.702362127591232E-5	6.233214581621204E-5	1.911058387155754E-5	8.739593834598049E-5	5.128343930816006E-6	1.4486762846093463E-7
	6.663365409553812E-6	0.4748557766467725	0.14852739755938818	0.21914088290428438	0.07666122593431078	0.0365153728847595	0.015072157929150055	0.008476624377387193	0.0036808671929215646	0.00130979940237564	0.009876353633244413	0.005580197866584329	2.835948544958721E-4	1.0385308881134955E-5	2.700140034875279E-6
	1.4313169605095766E-7	0.024983086698033063	0.5188299516423752	0.3264833736742763	0.09881775651669915	0.014497756657770882	0.012519946303368109	0.0030392420369410394	2.2318311233118104E-4	5.899440642578742E-4	4.679164793431242E-6	7.148068476086451E-6	1.3309504786099543E-6	1.3962989618034095E-6	1.061679541339367E-6
	1.00357119505734E-5	0.03961029963312768	0.40212263661057535	0.46882384726745235	0.0034603394257517843	0.039902875395458	0.014616915411846287	0.014552645906383308	0.004437679550137121	0.008053273907385285	0.002755124188358215	8.20834814100331E-4	8.164145351210222E-4	6.843798543312036E-6	1.0233843809409342E-5
	1.891906964424095E-9	0.6684377846860018	0.30541226634099045	0.024706309574575595	3.775656513287953E-4	8.291542412867859E-4	1.5076967905831444E-4	7.585743267110787E-5	8.29516706299563E-6	1.3989452251636725E-6	1.6863631352998851E-7	1.3208919358099353E-7	2.386143406442095E-7	6.434737630304818E-9	5.0615306312453565E-8
	2.498346562962439E-7	0.9347963309069085	0.03503687521155759	0.017201842241545025	0.011254998740028523	6.16595957373967E-4	8.027005873707303E-4	1.4467628002789735E-4	9.163481697553176E-5	5.163875818439498E-5	1.0952720726888748E-6	2.8767309663410394E-7	6.152277613733484E-7	1.4975656126696107E-7	3.0873587952192246E-7
	1.4632739464559563E-10	0.8735608568866402	0.012663234373767367	0.10143792540272431	0.012180486148043906	1.297910751154848E-4	4.596014585582776E-6	1.696166252776458E-5	4.7175375913424646E-6	1.2055059218849003E-6	1.9630654366817892E-7	2.175118152653989E-9	2.2321312516382025E-8	2.3736722800581255E-10	4.2064132400314495E-9
	1.0501480038560551E-5	0.2351901732338001	0.12405800752085092	0.16184211421458367	0.3053158327474485	0.16829706211841625	0.0025771286847227725	9.356738875999672E-4	0.0014453953440673047	2.2739051091850697E-5	2.457148025120237E-4	1.3990479315167977E-5	2.8055667049631197E-5	1.614996361672763E-5	1.4608048865085255E-6
	0.0015366719923655126	0.4102274899710694	0.14907187251007673	4.915581235383202E-4	0.1480395872898139	0.10204723931647264	0.08410377705512702	0.0325928475227861	0.037078601037629284	0.002760247216101647	0.005015903291208389	0.012301381491780075	0.001361481992225443	0.010574388728986271	0.0027969524608192553
	4.946655944559897E-5	0.6001517441810895	0.20124736866722287	0.00562340901920744	0.005573943253527113	0.13477850860976956	0.014367670921876541	0.00854465343819391	0.011855989344507076	0.011446096074964336	0.002714892841100285	0.00339964710371855	1.884603245592438E-5	7.220832051595366E-5	1.5555563240535523E-4
	1.6541420899685022E-7	0.8223941069411838	0.11840733678314279	0.05656949369761398	0.0020808938583465153	3.208871792479904E-4	1.8063786275214014E-4	3.0306662985572926E-6	1.859973290295229E-5	2.0227883150737682E-5	2.759484010717401E-6	1.5548315860942002E-6	1.9983670455096844E-7	1.0178358923217978E-7	4.045261049830105E-9
	1.6348725817572074E-8	0.9421651194073081	0.02490622828782404	0.023122382473144198	0.0037118081140854018	0.002011097504592347	0.0036288465589124574	3.908316698785315E-4	3.381126126435643E-5	1.770762594107286E-5	5.62291047737744E-6	6.076429958200717E-6	3.040035122142639E-7	1.0984700633182218E-7	3.755736927694064E-8
	2.0012677903746834E-7	0.40839186097875224	0.3126295348243595	0.04969655351777061	0.1190360557126702	0.10771526206102097	0.0019952061539726305	2.359251043150032E-4	2.494069254600794E-4	1.9870541415242687E-5	3.7676319130114285E-7	5.500491555509464E-6	2.209213346167829E-5	2.1387635766930756E-6	1.590169930543956E-8
	8.438002976340897E-7	0.8068288697051629	0.0890245155558604	0.004481772920102143	0.041828494014227884	0.03709558423551477	0.008630263117847824	0.004108113912034693	0.006683422005677312	7.719108872341588E-4	5.002146435263635E-4	6.659045200992305E-6	1.0137791017971995E-5	8.836472494346603E-7	2.831471904554188E-5
	8.296209581172276E-4	0.2859453693974887	0.3649495589586197	0.016955600199639938	0.10158212408234722	0.0399483333014749	0.11035867460303897	0.033225219640365636	0.005017732093830957	0.020662465506099306	0.013497433617558997	8.307516596077182E-4	0.002563742663648163	0.0025181809418422215	0.0011151923763206538
	1.3832094347909774E-5	0.6505448314594547	0.038500108212270207	0.037443120835515604	0.004581795122089759	0.21293217994263408	0.01936197566754202	0.003634626974427751	0.016518204367902734	0.011713403622396132	0.0034931587857614855	0.0012037402581615657	5.1971447859683476E-5	5.438883636047376E-6	1.612326000093153E-6
	5.457683738385732E-6	0.7286542017240274	0.2196400467749394	0.023286953327003323	0.02028428731405426	0.0032300082732391786	0.002316250300635035	0.0018649937014958982	5.00234636162139E-4	6.364868093811005E-5	3.899325887600305E-5	4.666574793063579E-5	4.3859096869536096E-5	4.428967478523005E-6	1.9970512612169946E-5
	1.4987910108454905E-5	0.007818002509895394	0.0607784015377276	0.8012842391468266	0.017539054142293526	0.034205115521256615	0.04184069044887902	0.0011459329832202386	0.027492270765412677	0.005789705627001626	0.0015582263901644869	4.61543555815826E-4	2.337950930696915E-5	4.674101339431515E-5	1.708938696653836E-6
	1.6410605301331316E-6	0.500712586274513	0.24014054889994516	0.05174745829756187	0.11521334681938228	0.08039953044790533	2.749137266784268E-4	0.007845212340050475	0.0010467707153882294	0.002540657968405161	2.3014542166264283E-5	2.955718550555223E-5	2.04923670370886E-5	1.341437034611534E-6	2.927917896500426E-6
	1.1399245467558217E-6	0.06449464068476196	0.14527536497067836	0.5273477501300351	0.16251534482880148	0.06873186808705298	0.007893733744586158	0.008730837923170991	0.012549716217725685	0.0019904433967821637	4.4303873552525554E-4	2.423509379923034E-5	1.103507385459879E-7	1.0210336538687827E-6	7.548781415614092E-7
	7.555335098663463E-7	0.6754330870882922	0.04015874688278104	0.15814767599900603	0.06009514296052977	0.0512866729207256	0.006885868268580232	0.006574823202342211	2.3369722649919776E-4	7.299606374673386E-4	2.44320893014988E-4	7.574397391235298E-5	2.9753184049095518E-5	1.036239481795184E-4	1.2728111054738648E-7
	4.0477731011456797E-7	0.3964295409313201	0.15245712315137494	0.3814400173400117	0.04522500860256193	0.022619198317424132	6.908789966401191E-4	0.0010738181919035393	3.185383387769073E-5	2.9530913252486614E-5	8.038831791649312E-7	1.6987925727754337E-9	9.432113104226504E-8	4.0551726960005263E-7	1.3195239508376608E-6
	5.757406622338701E-4	0.400678306392224	0.03845871391232871	0.21493138492612368	0.2032785001217089	0.027340450347229612	0.07634687540209437	0.013580697874927203	0.01209053789725125	0.00883122651968346	7.919927922301823E-4	1.1206903998237742E-6	3.934088767750482E-4	0.001433925750139206	0.001267117834650477
	1.2759441540999283E-5	0.5949873409488801	0.2050422422262594	0.1303066001403703	0.001621027806804232	0.052553166498585255	0.0019441657998204498	0.007561478794985161	0.00507585157731864	1.6843161631289075E-4	6.231405793112176E-4	6.18527270831891E-5	1.281320270284981E-5	2.8390195141013223E-5	7.384448843979056E-7
	5.076056575070709E-8	0.27059359460161836	0.24639896524722632	0.29689057164272975	0.13605774644269159	0.03910429813279093	0.002619866102185331	0.001316971189253685	0.00525086136686638	8.779549091676446E-4	6.569018351129269E-4	2.2832641762555235E-4	3.781677461548443E-7	2.8943885578832238E-6	6.187958618385694E-7
	2.734348117372498E-6	0.18144713567552873	0.4607961927635357	0.04873579685772828	0.1905814288157553	0.10280022112449128	0.005181098400469789	0.005381471395938794	0.0019693001147024374	9.743513397973823E-4	0.0010681285556936656	8.579219942316442E-4	1.4377969212267432E-4	1.67989039467285E-5	4.364001794028198E-5
	3.6109360933567203E-6	0.37807385155973816	0.5132398445537052	0.05271033069230475	0.0014876264301705484	0.016465032051138133	0.029210589629215907	0.003716961068154688	0.0038101187591216773	6.479205211377978E-5	0.0010078507053906535	8.492795363089756E-5	5.264120504985896E-5	5.9729159750932484E-5	1.2093244421495375E-5
	3.778340462723406E-8	0.6117935205005843	0.2497347373544965	0.0649308467063904	0.04559065128255008	0.02146881000927178	0.00450626232794071	0.001932454072777284	2.7615509066477207E-5	2.971756235172595E-6	1.2731313393428847E-6	1.0235871447070363E-5	3.9298676203473457E-8	4.812750549960844E-7	6.312076485480004E-8
	2.523582121050083E-9	0.756185173196138	0.2324854943468192	0.005796305334537374	0.005244356454351696	2.3517524452089478E-4	2.060680137166076E-5	2.6361240025819235E-5	1.0136583361208468E-6	5.553799502657633E-7	1.659946220414374E-6	1.3451265692316088E-6	7.453546052133366E-8	1.09228577070806E-6	7.839263460988606E-7
	1.4076770005200245E-7	0.2915411320262242	0.25654628075560376	0.0908281408577736	0.10460155884756173	0.1321429215168056	0.11674314472160308	0.004568856925863763	0.0026831705654734466	2.557746380784825E-4	7.81402898957112E-5	9.519204196889787E-7	8.870085120155956E-6	5.702016434582835E-7	3.458802332268483E-7
	5.7492119626245675E-5	0.7693021352187795	0.08989917380047537	0.06417932104818962	0.013676167496212864	0.016363590327688176	0.0176348944472007	0.004687080517840376	0.008273659174387625	0.012549185017919547	0.0012830904871083335	0.0017999906593433414	1.1718652078327477E-4	1.603019066035342E-5	1.610029737847487E-4
	6.455427265850133E-6	0.35715412650793066	0.3366395994138376	0.27499808030082645	0.0034392508747734646	0.022163760859449454	3.2342259131873646E-4	0.004496409663173673	5.925890787718436E-4	3.788529083554671E-5	1.1795331469233166E-4	9.355719056696107E-6	1.0631168162424188E-5	9.137037045587403E-6	1.3427528595445324E-6
	0.001192982982844315	0.08601036336948586	0.1264271250246729	0.35630696794104805	0.006964014792994012	0.09372715204075156	0.20575951233131645	0.01511304776689662	0.088811538561777	0.0011081971507923836	0.012726781496174533	0.004017227387656924	0.0011334805938522379	6.343488529374031E-4	6.725970679955943E-5
	8.095224824922198E-7	0.5362859505958684	0.4512423619424685	0.00961117731094973	0.001045219299896869	0.001496965426306774	1.4568579717854943E-4	1.248441532551131E-4	1.1051694921176938E-5	8.053482258375414E-6	8.296611512208455E-6	4.108259232472261E-6	9.777754737389954E-6	4.728733950129172E-6	9.694149818162677E-7
	2.5427734362537535E-9	0.1558628357539702	0.34589688847150524	0.08947384279101994	0.022735282191633326	0.38094781036645586	0.004793638064662259	2.888285865371104E-4	5.517685348126979E-7	2.9207289294016092E-8	1.7007802320748895E-7	2.5407527670699636E-8	9.055316474234517E-8	1.4299268448285029E-9	2.7869760028692585E-9
	2.904726541519409E-7	0.6734786190094088	0.2931133596422389	0.011542416870459605	0.004445128588580285	0.014549005234855646	0.0024721420206098685	3.8066755211189343E-4	1.0186543528114655E-5	1.4222657724513572E-6	2.182734045593693E-6	1.3435284239062158E-6	3.2014002526538523E-6	2.5020797321708718E-9	3.163497822164533E-8
	4.06394551144551E-6	0.6208676034458774	0.20755323594230599	0.0581131259292438	0.0366969032726693	0.045102318681246596	0.02264092162301941	0.005755679781110561	0.0013026237043069339	6.592180522795232E-4	2.5830373900032773E-5	0.0011508798128577328	1.2094466327867582E-4	1.7265882004037197E-6	4.924184192087461E-6
	1.7554731707170035E-6	0.5011252643628035	0.3762594241474603	0.10489984812145291	0.0056958130784455895	0.008561187733262384	0.0014840801793342723	0.001027454950762931	7.523586627748656E-5	1.365945643464719E-4	1.8976782420800637E-4	4.4095686605082106E-4	3.299973411644371E-6	8.380897632871209E-5	1.550788268428009E-5
	9.531132028062217E-8	0.8201239135288144	0.03515250847269903	0.12051516248288664	0.022798294271130445	3.0872821539893743E-4	1.718822225341544E-4	2.5370742086478317E-4	6.276690749585142E-4	2.334446775792253E-5	1.5121708485544991E-5	4.572127847520707E-6	3.5222289750323614E-6	9.433918156376618E-7	5.350745111264118E-7
	1.0645984045987156E-5	0.9474130879751768	0.013138348713893319	0.03458825467520063	0.0020378541923495638	0.0010788543425066261	0.0010205126726671463	7.475145193566244E-5	3.6076326021155174E-4	5.757930323562406E-5	1.0941105897212132E-4	7.472181786500154E-5	2.8771621371152675E-5	2.8109144545013814E-6	3.632016114305295E-6
	3.8277951919241104E-9	0.49231216501039465	0.3792015144107967	0.11157735688854391	0.01313331362455243	0.0017439782233101399	0.001889907647558024	1.265414468219293E-4	1.6298555595583485E-6	1.2560230683668196E-5	6.530952877059639E-7	3.307595119113258E-7	2.1293907883755226E-8	2.210163732776088E-8	1.5836392518475527E-9
	3.727976628620233E-5	0.7036287440550524	0.15504777614410264	0.1150659989515146	0.014356892164454167	0.007951094609331638	0.0020402488178423565	5.102158969188728E-4	1.447193117574E-4	3.2503980681670535E-4	3.345011407818491E-4	1.640223781991995E-4	3.820908218151378E-4	7.002221634718702E-6	4.373913491909541E-6
	1.601186738753313E-9	0.9457830024955333	0.05117461283481608	0.002321920174751699	2.6648962667543514E-4	4.0400880704693094E-4	3.898282245312864E-5	8.176630774383676E-6	2.4266986370214986E-6	7.503328980033934E-8	7.765504476288827E-8	1.0875680426025494E-7	4.463733876272517E-8	5.999326610032429E-8	1.223238162443247E-8
	5.278600734293093E-8	0.9226214592012156	0.06662736719736999	0.0013567696596125595	0.004103066322191789	0.004939654624978285	1.0865535178181876E-4	1.1432350967079801E-4	1.2673295631090325E-4	4.2315608345381597E-7	1.3750259899036007E-6	2.0739336421290024E-8	2.5946596733915685E-8	3.270602553063108E-8	4.081682867667559E-8
	5.779190401900003E-6	0.34977898119527917	0.19228428910840523	0.23469541841370334	0.17105604042804073	0.004111196562650964	0.04754760384570137	1.8400770948325952E-4	1.397798740204341E-4	1.284047691281881E-4	4.6581413586838795E-5	9.639645348519163E-6	6.015709311891685E-6	2.543339732877489E-6	3.7187952053450594E-6
	9.464400078096347E-7	0.7883838645447275	0.19976426608536754	0.008158813984476977	0.0030516451735145356	1.6441195934704302E-4	4.974809575531841E-5	2.2490075614758917E-4	5.885746639944127E-6	1.4294521000163062E-4	1.4262838215672314E-5	2.5819178719786313E-5	2.098736613151208E-6	6.051096385348073E-6	4.340154080198187E-6
	7.564333909249044E-7	0.40286243446961567	0.44875560746183785	0.02456985213816888	0.07838658035893166	0.030115643093142335	0.007939988954618416	0.0070568751519372854	1.1320620225678162E-4	1.7217896364385117E-4	1.5144621904797453E-5	3.911021427695034E-6	4.7900085114954185E-6	1.3946564538101354E-6	1.6364641586108578E-6
	1.537753757663296E-8	0.28362405097278076	0.5288175923903212	0.07937608900478389	0.07226830880553657	0.03552875335412032	2.2231486931076661E-4	1.4845128844491335E-4	1.3519001268513088E-5	5.413786373963687E-7	5.6692828439505446E-8	2.1785192678146255E-7	4.762754022586185E-8	1.3510019674380423E-8	2.7874942906077938E-8
