	1.9736237444334392E-7	0.48994768791204146	0.057253523816352576	0.1551506978383133	0.03942715127517389	0.03795136025682732	0.12098101854729826	0.09802950014146064	2.481740375022143E-4	5.729990296572345E-4	4.781530171864061E-5	3.461707721039114E-4	5.236589802099236E-6	2.6811655397415424E-5	9.388266642426015E-6	3.2380942362819887E-7	1.7910032894669344E-6	7.677920858032332E-8	2.3825900550394368E-8	5.177951190209193E-8
	1.0	0.0	0.0	0.0	0.0	0.0	0.0	0.0	0.0	0.0	0.0	0.0	0.0	0.0	0.0	0.0	0.0	0.0	0.0	0.0
	0.0	1.0	0.0	0.0	0.0	0.0	0.0	0.0	0.0	0.0	0.0	0.0	0.0	0.0	0.0	0.0	0.0	0.0	0.0	0.0
	0.0	0.0	1.0	0.0	0.0	0.0	0.0	0.0	0.0	0.0	0.0	0.0	0.0	0.0	0.0	0.0	0.0	0.0	0.0	0.0
	0.0	0.0	0.0	1.0	0.0	0.0	0.0	0.0	0.0	0.0	0.0	0.0	0.0	0.0	0.0	0.0	0.0	0.0	0.0	0.0
	0.0	0.0	0.0	0.0	1.0	0.0	0.0	0.0	0.0	0.0	0.0	0.0	0.0	0.0	0.0	0.0	0.0	0.0	0.0	0.0
	0.0	0.0	0.0	0.0	0.0	1.0	0.0	0.0	0.0	0.0	0.0	0.0	0.0	0.0	0.0	0.0	0.0	0.0	0.0	0.0
	0.0	0.0	0.0	0.0	0.0	0.0	1.0	0.0	0.0	0.0	0.0	0.0	0.0	0.0	0.0	0.0	0.0	0.0	0.0	0.0
	0.0	0.0	0.0	0.0	0.0	0.0	0.0	1.0	0.0	0.0	0.0	0.0	0.0	0.0	0.0	0.0	0.0	0.0	0.0	0.0
	0.0	0.0	0.0	0.0	0.0	0.0	0.0	0.0	1.0	0.0	0.0	0.0	0.0	0.0	0.0	0.0	0.0	0.0	0.0	0.0
	0.0	0.0	0.0	0.0	0.0	0.0	0.0	0.0	0.0	1.0	0.0	0.0	0.0	0.0	0.0	0.0	0.0	0.0	0.0	0.0
	0.0	0.0	0.0	0.0	0.0	0.0	0.0	0.0	0.0	0.0	1.0	0.0	0.0	0.0	0.0	0.0	0.0	0.0	0.0	0.0
	0.0	0.0	0.0	0.0	0.0	0.0	0.0	0.0	0.0	0.0	0.0	1.0	0.0	0.0	0.0	0.0	0.0	0.0	0.0	0.0
	0.0	0.0	0.0	0.0	0.0	0.0	0.0	0.0	0.0	0.0	0.0	0.0	1.0	0.0	0.0	0.0	0.0	0.0	0.0	0.0
	0.0	0.0	0.0	0.0	0.0	0.0	0.0	0.0	0.0	0.0	0.0	0.0	0.0	1.0	0.0	0.0	0.0	0.0	0.0	0.0
	0.0	0.0	0.0	0.0	0.0	0.0	0.0	0.0	0.0	0.0	0.0	0.0	0.0	0.0	1.0	0.0	0.0	0.0	0.0	0.0
	0.0	0.0	0.0	0.0	0.0	0.0	0.0	0.0	0.0	0.0	0.0	0.0	0.0	0.0	0.0	1.0	0.0	0.0	0.0	0.0
	0.0	0.0	0.0	0.0	0.0	0.0	0.0	0.0	0.0	0.0	0.0	0.0	0.0	0.0	0.0	0.0	1.0	0.0	0.0	0.0
	0.0	0.0	0.0	0.0	0.0	0.0	0.0	0.0	0.0	0.0	0.0	0.0	0.0	0.0	0.0	0.0	0.0	1.0	0.0	0.0
	0.0	0.0	0.0	0.0	0.0	0.0	0.0	0.0	0.0	0.0	0.0	0.0	0.0	0.0	0.0	0.0	0.0	0.0	1.0	0.0
	0.0	0.0	0.0	0.0	0.0	0.0	0.0	0.0	0.0	0.0	0.0	0.0	0.0	0.0	0.0	0.0	0.0	0.0	0.0	1.0
	3.1410374785600936E-6	0.3785548091558344	0.1418084248218846	0.08991919353968066	0.015631015856516085	0.0022958593662355097	0.19223154660671996	0.0477009398675954	0.0064204173752771265	0.05518616689490358	0.03850660579176083	0.002852779858496669	0.005301107981776636	0.005569272524443158	0.002000573244358769	0.014212080076012613	0.0017393048951771476	3.918050533187912E-6	6.212839338233818E-5	7.146619328175467E-7
	2.3897369039183047E-7	0.5901759515389854	0.16911895986347	0.11537129040280865	0.10046971353290356	0.013095313365380189	0.004772527484383206	0.0025297268237153172	0.0027260071259946764	3.377330561677641E-4	7.392927340956511E-4	2.955837239109521E-4	2.135225459504763E-4	9.373700885811353E-5	4.945243652755012E-5	2.8937294004757376E-6	5.429925516507164E-6	8.027285202875287E-7	1.7735821270793654E-6	4.941759366514248E-8
	6.076461656068233E-8	0.6641809584209761	0.06630732029331704	0.11339030651193305	0.04001852554055242	0.07192933224384129	0.036143916183936184	0.0057456153669375384	0.0017243294507923994	2.2439756883449097E-4	1.8424738401959127E-5	2.3829374090573373E-4	2.4023554778575347E-5	4.493231482053773E-6	4.5822832700696125E-5	1.8105717344580814E-6	1.4730246115947556E-6	8.292599385544212E-7	4.003463125339899E-9	6.269624586462095E-8
	3.5858604974237096E-10	0.9783886843093673	0.019114544128453648	0.0015292003089775782	1.9249494804764038E-5	3.6526198961366394E-4	5.319777290168264E-4	2.3084428863792394E-5	3.6157851221546214E-7	2.2339998835388644E-5	2.1647630459375144E-6	1.5536959211102498E-6	2.4564092652790703E-7	7.158342924323023E-7	7.75432784228202E-8	7.520105169752325E-8	5.468105176868542E-8	3.445644615737702E-7	6.174921675547109E-8	2.001722581870944E-9
	1.7264856211340884E-11	0.23784460320214074	0.5436296420168402	0.14280373427385126	0.07071072496994582	0.002727734221735488	0.001858341561759788	1.4321186595131466E-4	8.615535750274634E-5	1.58298897716984E-4	2.2686625991605736E-5	1.0407279705599371E-6	1.1041453983266893E-5	2.5810932314439963E-6	1.1911152116747208E-7	7.145930015272137E-8	3.3639066867327505E-9	6.010085357459093E-9	3.7202707660594215E-9	4.902979850366014E-11
	1.9707235843213766E-11	0.8703064092113119	0.007835962530104393	0.0965411236677813	0.010810204551762482	0.006315980765700086	0.007937409304995582	2.479393427739456E-4	1.7843560046938247E-6	1.312285186998675E-7	3.1260862056738816E-7	2.28744839039214E-6	2.8333383193211567E-7	7.908068848234184E-8	2.7916394180295555E-8	5.758857409046989E-8	4.4110386134112965E-9	2.4589049965745928E-9	1.4311501792100914E-10	3.178150496177606E-11
	1.1470550065340035E-9	0.4773273430014715	0.13407374537320008	0.3870576596813891	4.3522110420471175E-5	3.1924148261118344E-4	3.7044069254574724E-4	4.409352664851935E-4	2.668352043805421E-4	7.098944977456161E-5	1.790518086136768E-5	1.0581110059577111E-5	3.4719239139161146E-7	2.3710583209779658E-7	9.599122116851772E-8	1.4307950469700562E-8	9.881173706006366E-8	5.531794780076571E-9	8.231456708284363E-10	5.356729950476036E-10
	1.3133963139289051E-8	0.4549140318829278	0.464914740226811	0.05634521252211851	0.014408625002602872	0.0013058053933928443	5.740564158313379E-4	0.005249592516735518	0.0017329615431711136	2.768644061056994E-4	2.749632504132266E-4	1.9640456633967882E-6	9.096249053250212E-7	9.596118135589035E-8	2.0010486506723363E-8	3.9570175601464665E-8	6.857769711359786E-8	2.3222467701213897E-8	8.997939817845071E-9	3.6954100864284615E-9
	8.591341738029001E-8	0.7600395807079345	0.012154764491264606	0.005234693391937601	0.012449893271230517	0.196416149421787	0.009878840032948621	6.33203687350978E-4	1.9174462621253673E-4	3.619142280054627E-4	3.9784364287255894E-4	0.0020008860186445936	2.310295227106983E-4	1.4029300118376187E-6	3.766729039032465E-6	1.6254967152532868E-6	1.7635154954884419E-6	7.038055564828374E-7	1.0565489205705676E-7	2.9119728353618135E-9
	2.188084047283212E-8	0.5821279806655907	0.14879119193645812	0.02166863901855737	0.04460826385133215	0.008902091871813702	0.011499834056133465	0.1259404096868859	0.04390236993119807	0.01203783984556339	2.2175395115649107E-4	1.980437314711623E-4	4.106011147807089E-5	3.253441246298112E-5	2.4344015013745936E-5	3.34813303906166E-6	2.2260848601060768E-8	3.07049660225531E-8	1.4828580158227618E-7	7.164938897195137E-8
	8.000047424516765E-8	0.2104644430133411	0.17408350341662204	0.45004341838840317	0.053904618588037294	0.048148879819575593	0.06291404965335402	2.498947759454592E-4	5.52175620276149E-5	1.0091546463074998E-4	1.9219464360034965E-5	3.8108190235989477E-6	5.467806274562546E-6	1.272449624968745E-7	3.3118772481778876E-6	1.7043612840298095E-6	1.1117243475075241E-6	2.1590527829934033E-7	4.114313251759766E-9	6.000496882872229E-9
	7.416698311057957E-8	0.1543437856232417	0.021128781452704172	0.5560774001337109	7.881899795239876E-4	0.20753597831977372	0.003691421817755555	0.008545049929280318	0.03451822093970437	0.0037527965686760894	0.005255865416196534	0.00419132084057023	1.5228169765036704E-4	1.5621687188296926E-5	8.871774487829053E-7	1.3499518667717284E-6	5.726045618155382E-7	7.022120929154907E-8	2.4655236766029284E-7	8.491958658681781E-8
	2.5749846699341106E-11	0.3280404635228752	0.2781696556561465	0.3073642011869698	0.05877602050924288	0.021797770177638457	0.005222710036485882	6.831465502541874E-5	5.02191683819768E-4	3.056823122694618E-5	2.4964463855608997E-5	2.2182968195154416E-6	9.180843222029814E-7	2.246223125439806E-9	2.0394942427081873E-10	8.085129721299084E-10	5.6085127793049055E-12	6.932391258368657E-12	1.153609579869341E-11	1.8705943910605806E-10
	4.294707256491392E-9	0.5316410825622888	0.2791616718542771	0.1490137465172203	0.01683143492945195	0.004532290125059154	0.015088530674387509	5.398573080749873E-4	0.002293460602589859	5.926218137569637E-4	1.673839605697047E-4	4.6261086111289665E-5	9.491182553716982E-6	7.88482281163595E-5	1.895421489704404E-6	3.933676113741027E-7	6.3655268310691E-7	3.6362240346207903E-7	1.4073136004945992E-8	1.1823511535085983E-8
	1.2792877868150754E-10	0.977894264333707	2.861152385098276E-4	0.01132249050667273	0.006045637687081851	0.0034483088720515045	6.866406589921774E-4	1.8283128898340765E-4	4.597158641777536E-5	7.898533173068673E-5	7.907416163128737E-6	2.668957553777681E-7	3.5453637927309045E-7	1.51256874726734E-7	5.309356223259465E-8	7.618837299373276E-9	2.2428928177154215E-9	1.547776552317861E-9	8.206674989133834E-9	1.5530078051421423E-9
	1.3319673142220267E-9	0.8502268325929896	0.09444764183461277	0.0032168976356634076	0.042288489446217284	6.091789324264369E-4	0.006467790751676978	0.002707101862514484	2.8934479027699913E-5	1.485434886608357E-6	9.232520191132876E-7	3.7347132229007042E-6	7.979709007914028E-7	3.896607617914208E-8	2.840412160273888E-8	2.2011755976534534E-8	3.7485906900179314E-8	6.159471621327529E-8	3.7382756208833416E-11	1.2619148583655537E-9
	7.311915606322827E-8	0.4613657518499251	0.04563734898401938	0.04278637721861419	0.30579128943488987	0.1258981877393748	0.010192761654720982	0.0010734016938816844	0.0038130259674621246	0.002886513570970846	4.574985347418981E-4	5.018491033336044E-7	5.5298983675923985E-5	1.6464841318385338E-6	4.302033033216993E-6	3.495591749991149E-5	6.452796398663539E-7	2.242444807717772E-7	1.7015981350509397E-7	2.5280864731831394E-8
	6.81851908268527E-10	0.9929346232803197	9.330244718758799E-4	0.00400831541250112	0.001835443242879655	2.293087081897807E-4	2.0950743140576824E-5	2.3865465609383158E-5	1.025012563877868E-5	4.4797705079207423E-7	1.0859297681572195E-6	9.471514440707608E-7	6.180094101402968E-7	8.738550763072439E-7	1.8333737944886644E-7	2.1325895193089348E-8	3.740387208517813E-8	2.2538873660284296E-9	3.640462832948955E-10	2.6016335797819E-10
	1.5201440328738158E-8	0.7044085833983215	0.01927843317229474	0.13366783262718876	0.10546576995056527	0.032023885939899244	0.0015416049097049687	2.2606044276732247E-4	0.001732570519944603	3.566587945858509E-5	0.00129512530492201	2.748051570897785E-4	2.08877184038311E-5	2.620608706270786E-5	1.509364358520317E-6	8.053342723785371E-7	1.5997487029174068E-7	6.634301334285805E-8	1.4044789378308106E-9	1.1269943102175741E-8
	3.95512489426153E-9	0.39451057187426497	0.4315510541954402	0.09616640797450685	0.07251518419842036	0.004206503211143238	1.2533602853348125E-4	5.663009607041958E-4	2.8751861051900295E-5	2.2975386103635988E-4	2.0279496282502612E-5	5.255889224677609E-5	7.925019747175723E-6	1.8109261547100882E-6	1.2798575161087436E-5	2.0393252387063293E-6	6.587177989101745E-7	1.1546157532559537E-6	8.813416902529381E-7	2.496970016367904E-8
	1.9441556098342971E-7	0.21379967485828788	0.5869511618407913	0.018805951519441456	0.17373368516463567	3.941561234062956E-4	2.4258631666599755E-4	0.0034375957199131286	0.0011436890109549553	0.0010596096977121834	1.8891953108221302E-4	1.1100470293982818E-4	1.6933899768088695E-5	1.5762578917173886E-5	2.5206034518233038E-5	4.4271427766585354E-5	5.840018879674332E-6	1.656986275666613E-5	6.247356909228655E-6	9.39919092321813E-7
	7.766568499434356E-10	0.6092930568332849	0.3454631352866877	0.02966856802686626	0.009602868090570359	0.0012276298947624452	0.0033058209966390735	6.031971547743876E-5	0.0010919432388706762	1.9637752748362332E-4	6.384382758705308E-5	2.581018899616461E-5	1.1174906997453318E-7	3.0833140821856885E-8	2.129684173661506E-7	1.2909076198732686E-7	6.310362803584472E-8	7.050198056388636E-8	4.626205733484457E-9	2.722913024837103E-9
	3.375820956885711E-6	0.6046289276079716	0.12670339419501492	0.21951011856355077	0.030818545447305862	0.0034028841578574056	0.002334158265372458	0.008322475872463288	0.003240772178119802	2.8292202812002206E-4	5.823327448966773E-4	4.145689333752106E-5	7.43006171075143E-5	1.5793848725889566E-5	6.154203089509114E-6	6.552825499525621E-6	6.241596222029306E-6	1.1472910816382698E-5	5.526717579744894E-6	2.59350599235419E-6
	1.847649810926555E-10	0.9828988095835317	0.0063005088450603045	0.0011791675287877142	0.004916106945913931	0.0016304127609576126	0.0010457188356747923	0.0018374879591106254	1.7166707674556685E-5	8.711902512936286E-5	4.152273310701202E-5	1.6780781459850523E-5	6.395479330850016E-6	6.540815956330589E-6	1.393732010475575E-5	1.1188287811661344E-6	1.1564443800281678E-6	1.016981802664436E-8	3.90119942443217E-8	3.846211823282785E-11
	1.84297022087776E-14	0.7456168538220811	0.006764053880155792	0.1704627239317447	0.034845936817590566	0.01384971570313078	0.023403963357890578	0.004171084988072778	6.75143031210558E-4	1.4405416781212738E-4	4.347293525682599E-5	2.2382157028318683E-5	5.474140417207719E-7	6.417790373622547E-8	3.3862773569106163E-9	1.5905692093040008E-10	4.6266181773836773E-11	2.3575477996746403E-11	5.031652465911204E-13	3.829693041704447E-13
	1.420119110084883E-7	0.1427008832940022	0.7138820892686514	0.020425949884773184	0.020095521706717998	0.0612396623072372	0.017238183340440517	0.012182775223018402	0.010064863134402073	3.6514152387946686E-4	9.85703012952268E-4	8.436363174952812E-5	2.137284289982792E-5	5.188105732024078E-4	9.452703209842176E-5	7.436376383673934E-5	1.6062509192193506E-5	4.758365612314809E-6	4.167115571736283E-6	6.594578512399672E-7
	4.884981308350689E-15	0.9961491724703515	0.0031600157216240586	7.302449907042081E-5	3.747346746208582E-4	6.853418582046182E-5	1.2837714117638853E-4	3.660858526857249E-5	6.369335478343173E-6	2.7951273600228304E-6	2.506491723875735E-7	1.1097332847917579E-7	9.373062239951654E-10	4.665364240668059E-10	5.228954604042708E-9	3.2901097224306307E-12	5.881782759277521E-13	4.0186434258298205E-14	8.572312632779123E-16	6.753311939412165E-15
	2.4957595146091194E-7	0.816137934975907	0.02557392479482925	0.07470573858254129	0.02122107448836139	0.05487231642774253	0.005456830902478242	0.001497300229449368	1.7805565898424195E-4	1.3826278270803115E-4	1.551843984673632E-4	5.770422372161E-6	4.6777541560803915E-6	4.562893181350554E-5	1.8881669972851937E-6	2.3217748915017773E-6	2.3372115030779793E-6	2.654894113407419E-7	1.8839921296509917E-7	4.9032221841814225E-8
	4.094514716168618E-7	0.5121257837976959	0.25665068073087305	0.0751879082212568	0.14598451211902777	4.464884520978169E-4	0.006281507714086868	0.0016658357979195942	3.2584277759777715E-4	2.5076095086184254E-4	4.4949341987870264E-4	4.597106316079284E-4	9.58977786535976E-5	6.537022381604674E-5	5.49685603849879E-6	1.423829839745611E-6	1.2915785918696036E-6	1.8380879807849563E-8	1.3696407038611603E-6	1.9764710119481402E-7
	3.414725568973154E-8	0.5850194529446309	0.1521691478251337	0.19421638606942399	0.0496621449973272	0.010545294345545112	0.0028279859452097615	0.0020134308070027963	3.6922013988006057E-4	0.0019137679028493908	4.6101713828811727E-4	3.060514531143858E-4	4.0224176885013147E-4	3.3888482099908935E-5	4.365502288603539E-5	8.607601235208186E-6	2.2148573548963797E-6	4.2736595029292325E-6	1.1714382773834081E-6	1.3454132432062781E-8
	6.045329536963351E-7	0.11527271139595308	0.18476558122001668	0.39535647664859924	0.13967547887024465	0.15111056001721468	0.005893300623854073	7.767761600856315E-4	0.0038966265640331334	0.0020680688947353823	1.9331666989369712E-4	2.2352627454838193E-4	3.8740716596556105E-4	2.2702541968452295E-4	7.288107971250469E-5	6.493167830796738E-5	9.392746794031544E-6	6.566211308539144E-7	3.499275310339109E-6	1.1781409618545758E-6
	6.420046605448704E-9	0.1436511434445198	0.3068324249437078	0.37254102953660684	0.028038681165125808	0.02897863888112752	0.08795718386536004	0.031916709686332756	4.3273310157525514E-5	2.8494886178810473E-5	9.993576449247044E-6	1.5958774817383095E-6	1.1094391034887618E-7	5.173272683390774E-7	1.232137312428335E-7	6.119897166235922E-8	2.885496226481072E-9	7.57532560283024E-9	1.0908720168862851E-10	1.153114946329657E-9
	1.0731415756026763E-12	0.987811893342116	0.002733810365279113	0.004832045325475145	0.003777454200493323	2.4353067619634113E-4	3.2873696103242995E-4	2.3616309496709304E-4	1.3226494716203956E-6	2.7733118458684085E-5	6.253013966736291E-6	8.137502647332828E-7	7.124682814664529E-8	1.5959956041766056E-7	1.2026183028062303E-8	4.688615342007963E-10	1.5771539672217074E-10	6.004038560355759E-13	9.167991251682325E-13	5.399058609416151E-13
	6.516914219378833E-8	0.9263378032579774	1.350318135647009E-4	0.04775885878297004	0.020650639922197827	0.004307723580290563	5.176950150417825E-4	8.039982967705293E-5	7.494618719757122E-5	8.756730005172915E-5	4.199079296510565E-5	1.907519598460035E-6	1.2712146006984693E-6	5.530984085089386E-7	2.093912410349678E-6	9.942741379772565E-7	4.2749156325415227E-7	1.2924936969994252E-9	2.748203905721974E-8	2.063672022993212E-9
	3.237669493727502E-6	0.2535516215393898	0.1259752584809694	0.23063506249903057	0.2294467852263065	0.014043658178570284	0.04764503021464202	0.012433713089037353	0.019242724654439942	0.046737698852841195	0.014965089436452235	0.004934461016987396	3.2271217966882166E-4	2.5928007791679838E-5	5.211940504350787E-6	8.4700663078141E-6	1.1531359321306906E-5	7.042043788869704E-6	3.1463250077279164E-6	1.617219448846144E-6
	2.562576054687682E-7	0.2550421184960686	0.42558824838356457	0.19105945603118749	0.08105293665387313	0.031033979696563387	0.004027338330812463	0.0087575925871889	0.003298884166439123	5.178840170539933E-6	9.103067725943071E-5	4.563253063150911E-6	6.409629640987006E-7	4.207687760381837E-6	5.9415475580477326E-6	4.275844360989413E-6	1.8897512540579838E-5	3.3025761543984596E-6	3.0800063318317244E-7	8.424942318782963E-7
	1.8205382201763598E-8	0.9166504851425048	0.010424846793007786	0.031022216208405468	0.01023440363309195	0.0019540988097849037	0.01401469369358315	0.001907549749966764	0.012589781398427776	3.761263280368216E-4	5.067558200209196E-4	2.8303745045623073E-4	1.4327306667542411E-5	5.211662441383058E-6	9.375046109518358E-6	5.203516638749658E-6	1.3577210158045304E-6	1.4539254667514149E-7	3.5494209163982327E-7	1.1179819847376606E-8
	1.5622474742404968E-5	0.5019761292381689	0.10296751821722759	0.1468678658292603	0.10612686026934032	0.06585876335091932	0.01378722766852434	0.005921128941603889	0.005597600701133475	4.3941574197759494E-5	0.001920384014988657	0.029035209752367404	0.012323369832249765	0.0010033332135802665	0.002755838996905377	0.0031112568655112054	1.58821719079874E-4	1.515261978345926E-4	2.3948846118993666E-4	1.3811268117471984E-4
	3.2575355191077904E-8	0.27649830582194457	0.2557281891658098	0.3201221402697197	0.08958742709561708	0.05276600764859912	0.0023423293336406977	5.840173661870995E-4	0.0014351037720764096	2.106744439539455E-4	6.326645077078563E-4	2.415600137877962E-5	1.6356114137490707E-6	2.831402494123847E-6	5.563621365657076E-5	5.328580784866195E-6	1.3945165955472025E-6	1.7791146617358169E-6	1.7252775678232956E-8	3.2930562775289947E-7
	5.716260798038775E-10	0.9078405376894241	0.04973601830659355	0.002335492862352331	0.020822483916593082	0.003249285202141044	0.01324942058374116	2.3115552571154863E-4	6.754376228173277E-4	0.0018127445462978915	2.212519104732484E-6	3.4577717533526706E-5	2.4041928503768766E-6	4.211698876098378E-6	1.966049233777642E-6	2.0421847209005673E-6	7.73566889047411E-9	4.479366884970086E-10	3.321051475581215E-10	2.946719975545402E-10
	1.3533069731508363E-7	0.7441984608313025	0.0879230169054166	0.041323132553620405	0.06065082701714037	0.062289683598852744	0.001074706392603359	0.0010706742854006265	0.0011035766505918829	2.5577814985236546E-5	2.538460838499998E-4	4.525898377980759E-5	8.999763069642289E-6	1.5449681319674585E-5	1.3466498688880217E-5	1.0431352283121523E-6	1.926929603668552E-6	6.140684329404291E-8	2.2765022325141435E-8	1.3337198318092852E-7
	1.6572299088579712E-11	0.30934616651293556	0.6207451641323244	0.04033422889632186	0.00891478916892329	0.014304260392384744	0.005041916687569193	0.0010647993501244717	2.1573437902369546E-4	2.623209129745221E-5	4.170231731027133E-7	4.695225903587443E-6	1.003754979439524E-8	1.7751034680794173E-7	3.724387647882159E-7	7.553250714909557E-7	2.734949119583272E-7	3.887920954963392E-9	3.4195395742804842E-9	9.341003230365948E-12
	8.067917334209085E-9	0.42275461158894045	0.42355271963870467	0.13892565149971828	0.006228736399696328	0.006790809285029272	0.0014488016610574167	8.906101983317732E-5	6.709447326114255E-5	5.688495672911961E-6	2.582573646187004E-5	7.651122649825608E-5	7.345129992962139E-6	1.8397681563713196E-5	5.785104899488849E-6	3.3995361997442117E-7	2.404906451189692E-6	2.014489509505167E-7	4.083541057404326E-9	2.5981895555962614E-9
	4.819242338527374E-9	0.946464411245973	0.044865049142361585	0.002805446176796748	0.004085015366785156	9.44753512757589E-4	5.132721810283412E-6	1.7469657934423744E-4	2.481971586376288E-4	1.162263697659824E-4	2.814613791732517E-4	8.028851123001835E-6	5.7867025870405276E-8	3.8831254434525204E-7	9.691602438684462E-7	4.660824946074168E-8	8.369813202715168E-8	1.5581046494503235E-8	1.0079589290332263E-8	5.3693979556251874E-9
	4.300132694368131E-9	0.14586331295069732	0.4324298263183027	0.37461977204837144	0.025599633130955254	6.177767210830559E-4	0.009349163985937816	0.004059020479965982	0.004010145620920956	0.0029940010258482502	4.0462422969089295E-4	3.802779693157105E-5	5.541030483044602E-6	5.870393909745688E-6	1.7371100420533703E-6	3.7466105549272204E-7	2.3501100342576217E-7	3.3522270724138065E-7	4.988793240607029E-7	9.908263694883517E-8
	8.782974347809613E-13	0.9993504119214125	3.8012059688341163E-4	2.65735204103318E-4	3.0745292039986134E-6	3.536803803143561E-7	1.85551645970673E-7	1.0038314153503642E-7	1.5674200936843622E-8	7.506371618565542E-10	9.762052968229401E-10	5.516959863710426E-10	5.2564222109819127E-11	4.270776554817747E-11	5.5900547968007874E-11	1.0813386410153617E-11	1.0795860453958423E-11	4.710742887183773E-12	5.943849831757643E-13	1.5244913264544186E-12
	6.544077609804688E-7	0.21266744329348475	0.4052897442677091	0.11939069049243321	0.12750399884808802	0.11607431051770475	0.0030447964842170543	0.00819489434189343	0.005341090655663203	0.0016957289273337834	6.399711065396081E-4	9.702009380047698E-5	7.874870892988651E-6	2.3207548646575776E-5	1.4045119826284586E-5	2.3034482916594933E-6	4.7857621174295445E-6	7.229847724459412E-7	6.413806388014664E-6	3.03022436025101E-7
	1.9814061014145068E-7	0.47772442425325656	0.33219577466085337	0.18173754044422472	0.005002042090945812	0.0016137353337171386	1.9732982490349693E-4	7.121674795958187E-4	4.279846019361787E-5	4.581048673990442E-4	2.067170221928964E-4	2.0572520711032742E-5	2.3343071720360455E-5	5.521455184617087E-5	7.119637907083298E-6	7.303882397538518E-7	2.5303506875309254E-7	1.3206807770772415E-6	6.10686599631317E-7	2.8492373517469272E-9
	4.751401116998011E-7	0.4182863547442277	0.20267347426940663	0.04023432724634608	0.06930971601976961	0.22814367569632146	0.002245931241297839	0.012200507222919686	0.007305904329082591	0.005037311826552806	0.013353470649330483	4.990905479164875E-4	1.1718888123457159E-4	1.4925675827345456E-4	3.823703818611997E-4	1.9595703479234356E-5	2.7410303529434138E-5	7.77633891809834E-6	1.95465018151187E-6	4.208049239366472E-6
	6.105372651887819E-9	0.4042278140764193	0.080091649408551	0.2560318511467582	0.24259088041984467	0.00459991426944011	0.007636487971672081	0.0041439093964913045	1.7900980042076173E-4	2.6659539626364435E-4	2.209398295909522E-4	1.130518526260947E-6	9.024732942671626E-7	6.402982254800879E-6	1.9993584934541977E-6	4.3473361124613025E-7	5.2604042806834854E-8	9.61420382682526E-9	5.3114580120584E-9	4.583290793750966E-9
	6.55353604384068E-7	0.31963401110384826	0.5668881668335876	0.043400947904277794	0.04561737260849688	0.02333850061341714	1.264223557836881E-4	6.744434638917202E-4	7.56560827500782E-5	5.416979775363973E-5	7.412987173859705E-5	8.98077723115833E-5	2.7790383323176803E-6	1.2753844398967241E-5	2.360078062754624E-6	4.3434090242891765E-6	1.0514874756721E-6	9.718474058200485E-7	8.484589319260029E-7	6.080749070687244E-7
	8.093525849517391E-14	0.9222984836041732	0.0730605439120854	0.0038777373804994766	3.079246142955071E-4	4.3053767897825967E-4	4.048565846036603E-6	1.7661460671616257E-5	7.736314208520358E-8	2.0263621042546185E-6	7.912231536789088E-7	1.0496274830311544E-7	3.959939337129285E-8	1.472073207423658E-8	8.503609404916628E-9	4.600315681613086E-11	2.4456346561310476E-12	2.808774101278928E-15	4.916403904503435E-15	3.0050195832190736E-14
	3.520234748144446E-8	0.9470666254528688	0.04034295359297603	0.0031242274136443985	0.002360340450413759	0.003647352546466303	3.89037052119578E-5	4.149386480631041E-4	3.988881986574432E-4	2.4039386148693557E-4	8.223527940112141E-4	0.0011492427797246167	1.1168380749778912E-4	2.0009373839826198E-4	5.917043808621598E-5	1.9687249113039126E-6	1.60895559815714E-5	4.310933505536051E-6	4.0348081788964734E-7	2.467492952711727E-8
	4.8476868201863255E-6	0.4647305700505927	0.40947698249831344	0.07276162636656829	0.03431886362102769	0.005662077218773156	0.0023455662472633343	0.0019284941381652228	0.006726886169078844	9.086867800367038E-4	2.648907937489609E-4	2.1686655253874464E-5	6.982382574330574E-5	6.439413141112088E-4	9.394792908280899E-5	7.871152390405263E-6	2.2394918539672972E-5	3.449933242827103E-6	3.167509710602875E-6	4.225191536752405E-6
	3.616464561151389E-8	0.37574343375411756	0.22168173489378054	0.32698376110914085	0.021363868518849843	0.026026150857622908	0.017495220397264664	0.0081786340124508	0.001615453230873316	3.989730353998516E-4	3.846092290988487E-5	4.1789828111098936E-5	4.0510387004494264E-5	1.0030123189131283E-4	2.880148016678805E-4	1.955601340537804E-6	1.4336032688613295E-6	1.3829630383867956E-7	1.2224976408599385E-7	7.1035920798972696E-9
	2.1042756624956027E-6	0.5594550258106474	0.15172901189336338	0.05139669519582212	0.10853635592880889	0.07111380837904889	0.04098884182514969	0.009775540191801563	0.0010441854801086284	0.003977474079216593	0.0012963479456977918	1.5141951465040614E-4	2.662180349728268E-4	1.9137174024075218E-4	3.205174670499131E-5	6.452007692448834E-6	2.45766854358148E-5	8.049181367335308E-6	3.8572925666074326E-6	6.127910413396086E-7
	4.345923233628479E-5	0.004090924566750531	0.24185444917648732	0.29041524529253215	0.3305383018236748	0.044658583917065765	0.030418424369779845	0.008641234879520997	0.019739510944710787	0.01537401385561732	0.011350449936885238	0.0018760760876505858	4.6413248525465256E-4	3.5816719890346797E-4	7.015089603644079E-5	5.108485022754547E-5	2.579354011747073E-5	1.735446704080401E-5	1.5754159120203264E-6	1.1067063495891498E-5
	1.258335545184508E-5	0.26424310129637485	0.02559317981219249	0.052985406209293984	0.1770657129796325	0.1896248020853576	0.19181819920581608	0.045375136366243886	0.036439422997464097	0.0020204482427029795	0.01102798569371268	0.0031958071439337084	4.2244917114983945E-4	7.035820060961749E-5	2.3274966700635134E-5	2.7241564820332253E-6	4.664797623847507E-5	1.2112010267704523E-5	1.859067211613257E-5	2.0574582587383177E-6
	1.613007916123621E-8	0.8951563049419471	0.067593237327282	0.025938214861275646	0.0087053670688719	0.002021525838573703	3.278798613843949E-4	2.0432545394399044E-4	2.1309040032079253E-5	4.589871577458281E-6	1.442748600369174E-5	2.4134773336252163E-6	2.822211658784972E-6	1.0371976217983247E-6	6.407754515378342E-6	3.633259696319046E-8	2.408223867461923E-8	8.460652335861114E-9	4.4773217683283684E-8	7.829193697840538E-9
	9.922461741140864E-10	0.8239059558643248	0.03607753700064331	0.1207570221065465	0.0020438883566780354	0.008565955096158673	0.008499091161255192	6.057645237912383E-5	2.5747289728501894E-5	2.666969957837724E-5	1.3196828893884801E-5	1.3883381185802824E-5	2.719117781108253E-6	2.451746984220618E-6	1.1228505747515394E-6	1.2268109800739357E-6	3.54937522015324E-7	2.5673450108017603E-6	3.177570598346028E-8	1.1858226343548688E-9
	1.4075129950441578E-10	0.7615242612525711	0.17560104541776542	0.003432102459839591	0.01697975347903859	0.03542037478984639	0.004303363687143223	7.949686867632607E-4	0.0019440308420691436	2.2394318786638748E-8	5.1664571165702784E-8	9.808932952563831E-9	7.0209309335408255E-9	5.755010809289447E-9	1.3609043540333425E-9	3.3418206451611215E-11	9.499469860279137E-10	5.264430135280984E-11	8.370927904049386E-11	1.1982420602207046E-10
	3.4713478758163774E-9	0.5659308674164336	0.17593530868090995	0.2544355886015752	0.0017302957944002485	0.0011563223712325282	6.646323572413127E-4	1.1628717348701778E-4	1.663957289462787E-5	6.4620660064584575E-6	3.9487804445535504E-6	3.4723958584345893E-6	5.557745743657046E-8	1.520949652084294E-8	2.9184950596952174E-8	5.503824317904996E-9	4.503378940522993E-8	6.386380991956957E-9	1.3216658774660305E-8	1.2056103747555622E-9
	1.0517614557059574E-9	0.8043271771002922	0.15065006891992078	0.008249030934044776	0.01682896372590007	0.015811596989541484	0.0035346760274998067	1.1888227998571749E-4	8.739139280062315E-5	3.697420713579836E-4	1.8436493011913437E-5	2.8185777055182973E-6	1.5538402201791754E-7	4.632233302117279E-7	8.162902623884295E-8	7.60742749228808E-8	4.3113956696572513E-7	5.550597421293621E-9	1.377962774384096E-9	5.739712938086937E-11
	1.7548185127225224E-12	0.5990212609460235	0.04823280693090704	0.340873976797612	0.0015111919251958473	0.010257209689495714	7.468964773487393E-6	4.846573120011145E-5	4.302023842474247E-5	3.196671009472333E-7	1.779136164712447E-6	2.1500889523793557E-6	3.155738001201323E-7	3.15736274987775E-8	1.6122757866844696E-9	1.79854188794909E-10	8.984005075721204E-10	1.844151290720107E-11	1.8921371685280038E-11	7.073877918912785E-12
	6.374588538582415E-6	0.6370544149000191	0.10091386874810475	0.12675030609771254	0.07266560964042812	0.02340192466617964	0.029336240466282977	0.0028825080047487316	0.005305548545913026	1.3700030580458104E-4	7.203644691253465E-5	9.917659986582097E-4	1.7338831727992305E-4	4.291822170039896E-7	5.030702743337847E-5	7.51108760836802E-5	1.4387447096950458E-4	3.4464771168870306E-5	5.834898215681622E-7	4.243455723148557E-6
	3.820610494642551E-12	0.7812332018373703	0.07384877329291155	0.09067015395845	0.03377203301286543	0.012616796522997971	0.0031544838901049915	0.0031710854951618964	0.0015042116726122587	2.8625527155281976E-5	5.167709142552236E-7	4.902735048604814E-8	3.549596121163116E-8	2.1998616519572916E-8	2.335026390430317E-9	7.3637695435605685E-9	2.0274375993254238E-10	1.4569323532676147E-9	1.2600824563692708E-10	9.227005434720092E-12
	4.309912982058961E-9	0.4675894413444245	0.02571065244238434	0.2610444221199208	0.053417246218082935	0.1258702285422995	0.010645727515865863	0.05504806921910022	5.425099992172835E-4	4.895561093420094E-6	7.252666248407377E-5	6.7448971984504926E-6	3.667997712567976E-5	9.7435589804066E-6	7.474302530538822E-7	2.0442342199203983E-8	1.6342721845785153E-7	8.116876310921171E-8	9.346294393164267E-8	1.7003888743915222E-9
	2.811873212049676E-7	0.07973923865549881	0.5976762825346894	0.23520819716740962	0.06132456096854788	0.005028041541091135	0.011420755728749423	2.427322953354844E-5	2.427926040719127E-4	0.00543744019805187	0.002756151466481082	6.338492891501899E-4	4.874396604544503E-4	6.858985262219904E-6	1.0216920453122642E-5	1.7541687599874277E-6	1.111452157559126E-6	1.7631661820975275E-7	4.5110574966841615E-7	1.2681994857684406E-7
	2.816653121850976E-8	0.9062729483035945	0.0516381273510469	0.03642755430946147	0.004769404110661608	3.9873061615741716E-4	3.7957060185245473E-4	1.743513996382261E-5	4.2866545776351284E-5	8.418910256763224E-6	8.460861396779486E-7	1.5915611549669594E-5	2.383677905049116E-6	1.8129917454057965E-5	4.2250963514655314E-6	2.60076072858579E-6	5.237474356849802E-7	1.9519415114741916E-7	1.0605791125319643E-8	8.524719104150328E-8
	1.0446638454286727E-7	0.6739909529159803	0.27862642512774277	0.03182850922339025	0.004283951019340339	0.007792971118128181	3.2647606433454276E-4	0.0019219978820415279	7.823870013029832E-4	1.4939812196523595E-4	5.380998781659925E-5	1.7292383925778386E-4	5.1749776148281855E-6	2.9173323230202742E-5	2.774659958483318E-5	1.0197618727487152E-6	5.651749039418649E-6	1.2544662663858255E-6	4.457811474268477E-8	2.777659194384091E-8
	6.205776617029812E-7	0.5897856122517733	0.049075511904714215	0.17245997014807438	0.07808722198148008	0.08112445222015495	0.011175670615539009	0.0058343091593646	0.012115250504746728	1.219436968895716E-4	1.8203849375753278E-4	1.065920631363649E-5	7.184423085844901E-6	8.64462110726903E-7	9.896244408238176E-7	3.331232668804595E-7	7.904618277612539E-7	1.596232359964576E-5	6.091173905378563E-7	5.703808069408502E-9
	9.98172655641838E-10	0.4513572137123454	0.1929361186759609	0.1269388926110725	0.03196373446049854	0.10250349522059453	0.05081357441143654	0.03927811528688506	0.002226294221534388	4.7824865353958103E-4	0.0010848506600988983	1.1045324029163236E-4	1.4392049326395373E-4	1.0008286792701985E-4	3.6359594776889654E-5	2.6065816307149923E-5	2.442828321381284E-6	1.2475546231646465E-7	9.12932274074804E-9	2.3621878636478786E-9
	1.651333376706532E-7	0.9331144908433692	0.0380475819891503	0.0019325836962614826	0.026677974547846133	2.477668245960269E-5	2.2157331241723756E-5	1.2232512438257093E-4	3.481486919749822E-5	1.4524547931827027E-5	4.533496257634587E-6	4.084278309447047E-7	2.464368495235092E-6	3.0381587694516854E-8	1.3399893397334002E-7	6.98774400714396E-7	2.668143447208301E-8	1.5897336289986024E-7	4.6252741006121213E-8	1.0387977731733735E-7
	4.126787800373677E-11	0.3242262534134456	0.05233608538494013	0.07348918825647466	0.5185245723072183	0.01699583942594719	0.01068270785209393	0.0032804931154153697	3.2039916176370976E-4	1.3355923188689087E-4	2.22137684275005E-6	3.7523135268887453E-6	2.120334160555008E-6	6.004151990179143E-7	8.42835710117671E-7	2.9658136283603257E-8	1.2848437715937348E-6	4.9574205703776555E-8	1.6663313288317507E-10	2.913602193430645E-10
	3.562729489203775E-8	0.9645408556490422	0.023303891775569487	1.5502202086447838E-4	0.011216372668724767	1.603729551883836E-6	1.269554716825904E-4	5.288363933842021E-4	1.1042629482117507E-4	1.3844887477288147E-5	1.5281790222053578E-6	2.2763362933887384E-8	1.5811573523077897E-7	1.6440763598112244E-7	1.796794735346108E-7	8.165207244840603E-8	1.4641245360972048E-8	2.153939124433633E-10	4.5776213558456215E-9	1.2500239546072256E-9
	1.588517433148695E-7	0.646990227273101	0.16805835911263647	0.020502906498905755	0.0746261816161815	0.038424334956470296	0.010176017037770766	0.013455125920691029	0.018836184920328635	0.0074914547460551715	0.001062836360200564	3.531497430072066E-4	1.0450028419454332E-5	7.365636308025865E-6	1.0552129532578194E-6	2.087915886167499E-6	1.0560938727530364E-6	7.219201304400549E-7	1.8309111838600664E-7	1.430642199908689E-7
	9.380216392518292E-7	0.3780649101321758	0.07066542291746757	0.027411331847860182	0.21048317164644031	0.029748715795498867	0.02364927068708224	0.17443450116010284	0.07010365799244948	9.034112130341237E-4	0.006971483507173033	0.005659288348599125	7.656413394929743E-4	4.994638164600895E-4	5.204230765495272E-4	1.5568245594987056E-5	4.6872845093483034E-5	3.2971750265837284E-5	2.2522155808814644E-5	4.3350121158653724E-7
	1.9991686084352978E-9	0.9390683249167722	0.02463593556226828	0.03526973018460411	1.2039413351648072E-4	4.0811882436594135E-4	4.401227614152512E-4	8.026048570784309E-6	4.124848468930198E-5	4.263076782162504E-6	6.089944322720609E-7	3.0518670745100394E-6	7.62511441724166E-8	7.22737729645543E-8	8.694243516979073E-9	7.278507180684311E-9	7.348468551445357E-10	4.66018407060298E-9	2.535356657197624E-9	7.182846664580211E-10
	3.6738390107871055E-12	0.717440999846099	0.2824387094953858	9.107743873882011E-6	1.900469543308471E-5	5.746303963153231E-5	1.0031149755274644E-5	6.412874624307948E-6	6.229942342260314E-6	8.091109119260578E-6	1.6283786028579474E-6	1.1669429352618268E-6	1.112835437153006E-6	3.598124731593852E-8	5.438469960650697E-9	1.8504877906191503E-10	2.3392979976642935E-10	5.4620619966146616E-11	7.953961868834604E-12	4.181614136074328E-11
	1.0032908948076624E-8	0.806835609718082	0.18630920552435534	5.265650961958147E-6	0.0024613568432097915	0.0021240911451451687	1.995756756537596E-4	7.936069636553496E-4	3.8850156810022666E-4	3.2452349712766334E-5	7.838354383428796E-4	9.072250541375052E-9	2.5028974155620536E-6	4.723308254932532E-5	1.1367660698152912E-5	2.0211067346173914E-6	3.0334015013415926E-6	2.7707594885422236E-7	1.4102694665933236E-8	3.0690078722473454E-8
	9.34508026517733E-12	0.34638820474222365	0.2105915817161242	0.12114830107408543	0.2043613195068319	0.0929749148535166	1.168578835855041E-4	0.01987006728996327	0.003606958952493592	3.8767837208357974E-4	3.710174134502825E-4	1.6487352204000314E-4	7.669011956396318E-6	9.104893625589576E-6	1.133773008775298E-6	3.041191700637857E-7	8.267599051583535E-9	4.0996895597665775E-9	4.924957340886439E-10	6.71160411205237E-12
	6.497602456079221E-11	0.005545821866213996	0.760949908810158	0.16490189024278443	0.06398590493732456	0.003398245834339066	5.981262911624026E-4	2.252958774883018E-5	3.829180715486462E-4	9.771792428617628E-5	8.781814110144533E-5	2.484262177158213E-5	1.1308106214350113E-6	2.521655433028312E-6	4.165186078157561E-7	5.8474469520805095E-8	1.2691151941475404E-7	1.8896604211528955E-8	1.2578602149945946E-9	1.0814690011692809E-9
	3.360010258912638E-8	0.46779048094352804	0.42485577668245494	0.07749836387485207	0.012558772506074484	8.403380795570736E-4	0.007069417169117611	0.004446807327752854	6.413944474154532E-4	0.00188127745291013	0.001847686193980611	4.705642483741866E-4	8.26601868874081E-5	6.526495057436248E-6	3.545504647547582E-6	5.99295392203582E-6	1.9426144728077493E-7	5.070547313019008E-8	2.5860646574130425E-8	9.15057986041496E-8
	1.7332577084694378E-7	0.7664835993965291	0.20125001320469885	0.003921927190242271	0.009791809052951208	0.009523830039030474	0.0028149665327973097	0.0039032568874862177	3.3888012697709475E-4	0.0014540313232308747	4.838667353571593E-4	8.68515212038214E-6	9.929033501183962E-6	1.633793787177479E-6	3.147556173519278E-7	4.904808105732473E-7	6.708277755942392E-7	1.0234178728076732E-5	1.5852892412690746E-6	1.0267334701934492E-7
	2.280969513268616E-8	0.634910698642696	0.3392487228335716	0.011467928471951962	0.00785377283243425	0.002958665697151334	0.0031174553079594096	3.7822761429661403E-4	4.6033613535602434E-5	1.379631630753603E-6	9.275134023650593E-7	9.771892897111456E-6	5.777744131289162E-6	2.054755289364344E-7	1.5391317204943694E-7	8.426430082227203E-8	2.5430682506414656E-9	1.361208359879379E-7	1.5793062512282143E-8	1.728467802437462E-8
	9.034550885189674E-12	0.03094257904262243	0.7095992368556517	0.2579964190865339	0.0010387388220470016	2.533380329681964E-4	1.4018816789347392E-5	9.53891599600625E-5	2.8836936244211905E-5	3.112976657983932E-5	1.41232036750083E-7	2.4033707767291007E-8	3.66650787233061E-9	1.4273989391215888E-7	4.959030732940765E-10	8.766019192512737E-10	3.8719124967619474E-10	2.791086503492901E-11	9.838762425528955E-12	1.976453155011787E-12
	5.761147189420335E-6	0.7007901247063286	0.12982635650419425	0.1572892801524565	0.0013391231664433676	0.003141603412821894	0.001695765329160905	0.001576392420515237	1.890578572250308E-4	0.0016938326934744668	3.920228035837977E-4	4.47751742707397E-4	5.380961940862547E-4	6.302301091417924E-4	3.483741006900012E-5	3.054519604817721E-4	2.3354862140761685E-5	3.629190842432538E-5	1.1672873104403424E-5	3.2992746450725665E-5
	6.584376377460899E-10	0.9493656535782286	0.03813035883397554	0.002969023715636828	0.0012458952401168334	0.007438280477562413	2.3086952151000237E-6	2.688520726529383E-4	3.1214248752261246E-4	2.391855703093665E-4	6.659437668183775E-6	1.344501646724328E-5	3.6558677268937333E-6	1.3751733852208222E-6	1.2469360900796278E-6	1.4999103340466212E-6	2.0528353468019605E-7	2.874255218594345E-8	8.186514270395045E-8	1.0043744085336385E-7
	6.174638722544756E-8	0.025940755877168042	0.12218719359052731	0.12133283352610515	0.6318467191204427	0.08812432990368566	0.003308784068048251	0.0034207341769223053	7.057125266245874E-5	0.0015196607414926539	0.001585019760616186	6.102915411567668E-4	4.6859043716473434E-5	2.602904730508311E-6	2.983730572229644E-6	4.236551349773263E-8	2.69605083428061E-7	2.1529636258589779E-7	6.503089608181262E-8	6.717910172676361E-9
